CancelType,CleanupType,ExecutionStarted,CancelRegistered,CancelInitiated,ExecutionFinished,CancelDelayMs
AtomicEnum,ErrorReturn,1754566085344484923,NA,NA,1754566085612155248,NA
AtomicEnum,ErrorReturn,1754566085612163338,NA,NA,1754566085883485864,NA
AtomicEnum,ErrorReturn,1754566085883488270,NA,NA,1754566086156313834,NA
AtomicEnum,ErrorReturn,1754566086156316519,NA,NA,1754566086425358640,NA
AtomicEnum,ErrorReturn,1754566086425363920,NA,NA,1754566086683589538,NA
AtomicEnum,ErrorReturn,1754566086683594148,NA,NA,1754566086943617185,NA
AtomicEnum,ErrorReturn,1754566086943620252,NA,NA,1754566087205110343,NA
AtomicEnum,ErrorReturn,1754566087205114851,NA,NA,1754566087467013785,NA
AtomicEnum,ErrorReturn,1754566087467017465,NA,NA,1754566087717324488,NA
AtomicEnum,ErrorReturn,1754566087717325974,NA,NA,1754566087974855755,NA
AtomicEnum,ErrorReturn,1754566087974857169,NA,NA,1754566088236021950,NA
AtomicEnum,ErrorReturn,1754566088236026526,NA,NA,1754566088507309736,NA
AtomicEnum,ErrorReturn,1754566088507314816,NA,NA,1754566088764635246,NA
AtomicEnum,ErrorReturn,1754566088764637715,NA,NA,1754566089015346649,NA
AtomicEnum,ErrorReturn,1754566089015350568,NA,NA,1754566089278373224,NA
AtomicEnum,ErrorReturn,1754566089278376348,NA,NA,1754566089527509213,NA
AtomicEnum,ErrorReturn,1754566089527512266,NA,NA,1754566089776405966,NA
AtomicEnum,ErrorReturn,1754566089776408721,NA,NA,1754566090031627105,NA
AtomicEnum,ErrorReturn,1754566090031629505,NA,NA,1754566090293945381,NA
AtomicEnum,ErrorReturn,1754566090293951607,NA,NA,1754566090559187891,NA
AtomicEnum,ErrorReturn,1754566090559189921,NA,NA,1754566090824782040,NA
AtomicEnum,ErrorReturn,1754566090824785310,NA,NA,1754566091086109150,NA
AtomicEnum,ErrorReturn,1754566091086121940,NA,NA,1754566091353405876,NA
AtomicEnum,ErrorReturn,1754566091353406622,NA,NA,1754566091619589897,NA
AtomicEnum,ErrorReturn,1754566091619592590,NA,NA,1754566091878299699,NA
AtomicEnum,ErrorReturn,1754566091878301600,NA,NA,1754566092139380383,NA
AtomicEnum,ErrorReturn,1754566092139384766,NA,NA,1754566092399438290,NA
AtomicEnum,ErrorReturn,1754566092399441316,NA,NA,1754566092657395325,NA
AtomicEnum,ErrorReturn,1754566092657395942,NA,NA,1754566092921871111,NA
AtomicEnum,ErrorReturn,1754566092921873738,NA,NA,1754566093193400708,NA
AtomicEnum,ErrorReturn,1754566093193403448,NA,NA,1754566093475996275,NA
AtomicEnum,ErrorReturn,1754566093475999322,NA,NA,1754566093735048873,NA
AtomicEnum,ErrorReturn,1754566093735053378,NA,NA,1754566093999603260,NA
AtomicEnum,ErrorReturn,1754566093999606574,NA,NA,1754566094247608522,NA
AtomicEnum,ErrorReturn,1754566094247613755,NA,NA,1754566094497479386,NA
AtomicEnum,ErrorReturn,1754566094497482995,NA,NA,1754566094746476255,NA
AtomicEnum,ErrorReturn,1754566094746477664,NA,NA,1754566095005272727,NA
AtomicEnum,ErrorReturn,1754566095005275743,NA,NA,1754566095265513009,NA
AtomicEnum,ErrorReturn,1754566095265518986,NA,NA,1754566095524270598,NA
AtomicEnum,ErrorReturn,1754566095524273224,NA,NA,1754566095778329882,NA
AtomicEnum,ErrorReturn,1754566095778332768,NA,NA,1754566096036729774,NA
AtomicEnum,ErrorReturn,1754566096036733829,NA,NA,1754566096295804124,NA
AtomicEnum,ErrorReturn,1754566096295807599,NA,NA,1754566096552314256,NA
AtomicEnum,ErrorReturn,1754566096552315618,NA,NA,1754566096810806402,NA
AtomicEnum,ErrorReturn,1754566096810810436,NA,NA,1754566097067964652,NA
AtomicEnum,ErrorReturn,1754566097067967472,NA,NA,1754566097329128337,NA
AtomicEnum,ErrorReturn,1754566097329133308,NA,NA,1754566097584629310,NA
AtomicEnum,ErrorReturn,1754566097584643553,NA,NA,1754566097836356884,NA
AtomicEnum,ErrorReturn,1754566097836358852,NA,NA,1754566098079573951,NA
AtomicEnum,ErrorReturn,1754566098079577060,NA,NA,1754566098330434931,NA
AtomicEnum,ErrorReturn,1754566098330439983,NA,NA,1754566098590006280,NA
AtomicEnum,ErrorReturn,1754566098590009252,NA,NA,1754566098841399955,NA
AtomicEnum,ErrorReturn,1754566098841403226,NA,NA,1754566099097733402,NA
AtomicEnum,ErrorReturn,1754566099097736170,NA,NA,1754566099353976789,NA
AtomicEnum,ErrorReturn,1754566099353979663,NA,NA,1754566099609796713,NA
AtomicEnum,ErrorReturn,1754566099609802154,NA,NA,1754566099865590066,NA
AtomicEnum,ErrorReturn,1754566099865592017,NA,NA,1754566100120233471,NA
AtomicEnum,ErrorReturn,1754566100120236284,NA,NA,1754566100401538105,NA
AtomicEnum,ErrorReturn,1754566100401541607,NA,NA,1754566100667908081,NA
AtomicEnum,ErrorReturn,1754566100667909465,NA,NA,1754566100924775256,NA
AtomicEnum,ErrorReturn,1754566100924779548,NA,NA,1754566101178773948,NA
AtomicEnum,ErrorReturn,1754566101178776938,NA,NA,1754566101438439283,NA
AtomicEnum,ErrorReturn,1754566101438441826,NA,NA,1754566101686968926,NA
AtomicEnum,ErrorReturn,1754566101686970728,NA,NA,1754566101945745081,NA
AtomicEnum,ErrorReturn,1754566101945746630,NA,NA,1754566102206729024,NA
AtomicEnum,ErrorReturn,1754566102206733150,NA,NA,1754566102462819330,NA
AtomicEnum,ErrorReturn,1754566102462824141,NA,NA,1754566102719575233,NA
AtomicEnum,ErrorReturn,1754566102719577911,NA,NA,1754566102975439929,NA
AtomicEnum,ErrorReturn,1754566102975441584,NA,NA,1754566103231107748,NA
AtomicEnum,ErrorReturn,1754566103231111452,NA,NA,1754566103487353860,NA
AtomicEnum,ErrorReturn,1754566103487359180,NA,NA,1754566103742890122,NA
AtomicEnum,ErrorReturn,1754566103742892204,NA,NA,1754566103998690872,NA
AtomicEnum,ErrorReturn,1754566103998691996,NA,NA,1754566104252370657,NA
AtomicEnum,ErrorReturn,1754566104252381167,NA,NA,1754566104509529110,NA
AtomicEnum,ErrorReturn,1754566104509533142,NA,NA,1754566104763823957,NA
AtomicEnum,ErrorReturn,1754566104763826023,NA,NA,1754566105019105782,NA
AtomicEnum,ErrorReturn,1754566105019108579,NA,NA,1754566105273615694,NA
AtomicEnum,ErrorReturn,1754566105273618649,NA,NA,1754566105528188071,NA
AtomicEnum,ErrorReturn,1754566105528189799,NA,NA,1754566105783898645,NA
AtomicEnum,ErrorReturn,1754566105783904050,NA,NA,1754566106038928502,NA
AtomicEnum,ErrorReturn,1754566106038930610,NA,NA,1754566106294787406,NA
AtomicEnum,ErrorReturn,1754566106294791726,NA,NA,1754566106549942386,NA
AtomicEnum,ErrorReturn,1754566106549943301,NA,NA,1754566106806528775,NA
AtomicEnum,ErrorReturn,1754566106806533721,NA,NA,1754566107064874645,NA
AtomicEnum,ErrorReturn,1754566107064880987,NA,NA,1754566107319829883,NA
AtomicEnum,ErrorReturn,1754566107319831461,NA,NA,1754566107575298152,NA
AtomicEnum,ErrorReturn,1754566107575301325,NA,NA,1754566107840391049,NA
AtomicEnum,ErrorReturn,1754566107840394916,NA,NA,1754566108095420376,NA
AtomicEnum,ErrorReturn,1754566108095421761,NA,NA,1754566108373947711,NA
AtomicEnum,ErrorReturn,1754566108373949541,NA,NA,1754566108638069498,NA
AtomicEnum,ErrorReturn,1754566108638070122,NA,NA,1754566108890814294,NA
AtomicEnum,ErrorReturn,1754566108890815425,NA,NA,1754566109137702739,NA
AtomicEnum,ErrorReturn,1754566109137708570,NA,NA,1754566109392053068,NA
AtomicEnum,ErrorReturn,1754566109392058392,NA,NA,1754566109648399852,NA
AtomicEnum,ErrorReturn,1754566109648402643,NA,NA,1754566109906246876,NA
AtomicEnum,ErrorReturn,1754566109906251145,NA,NA,1754566110161948590,NA
AtomicEnum,ErrorReturn,1754566110161951367,NA,NA,1754566110413518668,NA
AtomicEnum,ErrorReturn,1754566110413522882,NA,NA,1754566110661668209,NA
AtomicEnum,ErrorReturn,1754566110661675038,NA,NA,1754566110913357038,NA
AtomicEnum,ErrorReturn,1754566110913360092,NA,NA,1754566111171988055,NA
AtomicEnum,Exception,1754566111172033914,NA,NA,1754566111427664510,NA
AtomicEnum,Exception,1754566111427670455,NA,NA,1754566111676865961,NA
AtomicEnum,Exception,1754566111676868207,NA,NA,1754566111917442987,NA
AtomicEnum,Exception,1754566111917444882,NA,NA,1754566112160135822,NA
AtomicEnum,Exception,1754566112160137688,NA,NA,1754566112404859926,NA
AtomicEnum,Exception,1754566112404863489,NA,NA,1754566112657283807,NA
AtomicEnum,Exception,1754566112657285293,NA,NA,1754566112908616694,NA
AtomicEnum,Exception,1754566112908620844,NA,NA,1754566113159160679,NA
AtomicEnum,Exception,1754566113159163293,NA,NA,1754566113410155723,NA
AtomicEnum,Exception,1754566113410158091,NA,NA,1754566113653705772,NA
AtomicEnum,Exception,1754566113653707958,NA,NA,1754566113892290341,NA
AtomicEnum,Exception,1754566113892292815,NA,NA,1754566114130819397,NA
AtomicEnum,Exception,1754566114130821015,NA,NA,1754566114370634144,NA
AtomicEnum,Exception,1754566114370638347,NA,NA,1754566114610306016,NA
AtomicEnum,Exception,1754566114610309973,NA,NA,1754566114851525205,NA
AtomicEnum,Exception,1754566114851527840,NA,NA,1754566115090728233,NA
AtomicEnum,Exception,1754566115090729673,NA,NA,1754566115339870908,NA
AtomicEnum,Exception,1754566115339880264,NA,NA,1754566115592712515,NA
AtomicEnum,Exception,1754566115592717149,NA,NA,1754566115848838710,NA
AtomicEnum,Exception,1754566115848840452,NA,NA,1754566116090756166,NA
AtomicEnum,Exception,1754566116090759074,NA,NA,1754566116330253476,NA
AtomicEnum,Exception,1754566116330256889,NA,NA,1754566116569728122,NA
AtomicEnum,Exception,1754566116569732570,NA,NA,1754566116813905779,NA
AtomicEnum,Exception,1754566116813909193,NA,NA,1754566117051029014,NA
AtomicEnum,Exception,1754566117051031246,NA,NA,1754566117290882339,NA
AtomicEnum,Exception,1754566117290884142,NA,NA,1754566117543001667,NA
AtomicEnum,Exception,1754566117543003777,NA,NA,1754566117791713295,NA
AtomicEnum,Exception,1754566117791715646,NA,NA,1754566118031560595,NA
AtomicEnum,Exception,1754566118031561616,NA,NA,1754566118269857497,NA
AtomicEnum,Exception,1754566118269860727,NA,NA,1754566118509352760,NA
AtomicEnum,Exception,1754566118509355675,NA,NA,1754566118749518709,NA
AtomicEnum,Exception,1754566118749520862,NA,NA,1754566118992799893,NA
AtomicEnum,Exception,1754566118992803397,NA,NA,1754566119244227161,NA
AtomicEnum,Exception,1754566119244228234,NA,NA,1754566119494849210,NA
AtomicEnum,Exception,1754566119494852130,NA,NA,1754566119753764293,NA
AtomicEnum,Exception,1754566119753766713,NA,NA,1754566120005014482,NA
AtomicEnum,Exception,1754566120005015937,NA,NA,1754566120254322536,NA
AtomicEnum,Exception,1754566120254327339,NA,NA,1754566120500269110,NA
AtomicEnum,Exception,1754566120500273165,NA,NA,1754566120741426224,NA
AtomicEnum,Exception,1754566120741428485,NA,NA,1754566120979144729,NA
AtomicEnum,Exception,1754566120979146299,NA,NA,1754566121217520193,NA
AtomicEnum,Exception,1754566121217524085,NA,NA,1754566121455644255,NA
AtomicEnum,Exception,1754566121455646020,NA,NA,1754566121694553026,NA
AtomicEnum,Exception,1754566121694566447,NA,NA,1754566121933583899,NA
AtomicEnum,Exception,1754566121933587935,NA,NA,1754566122171246977,NA
AtomicEnum,Exception,1754566122171249276,NA,NA,1754566122411651922,NA
AtomicEnum,Exception,1754566122411653095,NA,NA,1754566122649642264,NA
AtomicEnum,Exception,1754566122649646038,NA,NA,1754566122888714302,NA
AtomicEnum,Exception,1754566122888716907,NA,NA,1754566123129058862,NA
AtomicEnum,Exception,1754566123129062913,NA,NA,1754566123368154699,NA
AtomicEnum,Exception,1754566123368160451,NA,NA,1754566123607520412,NA
AtomicEnum,Exception,1754566123607525356,NA,NA,1754566123846742289,NA
AtomicEnum,Exception,1754566123846744306,NA,NA,1754566124085832697,NA
AtomicEnum,Exception,1754566124085834862,NA,NA,1754566124322331304,NA
AtomicEnum,Exception,1754566124322333018,NA,NA,1754566124560542622,NA
AtomicEnum,Exception,1754566124560544564,NA,NA,1754566124798814828,NA
AtomicEnum,Exception,1754566124798815571,NA,NA,1754566125036855960,NA
AtomicEnum,Exception,1754566125036856760,NA,NA,1754566125274742360,NA
AtomicEnum,Exception,1754566125274744196,NA,NA,1754566125512887606,NA
AtomicEnum,Exception,1754566125512888878,NA,NA,1754566125751695442,NA
AtomicEnum,Exception,1754566125751696573,NA,NA,1754566125990803414,NA
AtomicEnum,Exception,1754566125990806614,NA,NA,1754566126230085894,NA
AtomicEnum,Exception,1754566126230089395,NA,NA,1754566126467908701,NA
AtomicEnum,Exception,1754566126467912031,NA,NA,1754566126707112661,NA
AtomicEnum,Exception,1754566126707115117,NA,NA,1754566126945140439,NA
AtomicEnum,Exception,1754566126945142604,NA,NA,1754566127185272559,NA
AtomicEnum,Exception,1754566127185274845,NA,NA,1754566127421651511,NA
AtomicEnum,Exception,1754566127421654189,NA,NA,1754566127660669227,NA
AtomicEnum,Exception,1754566127660672352,NA,NA,1754566127899097339,NA
AtomicEnum,Exception,1754566127899106611,NA,NA,1754566128136639380,NA
AtomicEnum,Exception,1754566128136640746,NA,NA,1754566128375526767,NA
AtomicEnum,Exception,1754566128375530681,NA,NA,1754566128614281953,NA
AtomicEnum,Exception,1754566128614283394,NA,NA,1754566128852316211,NA
AtomicEnum,Exception,1754566128852318519,NA,NA,1754566129091143462,NA
AtomicEnum,Exception,1754566129091144694,NA,NA,1754566129329509834,NA
AtomicEnum,Exception,1754566129329513969,NA,NA,1754566129567727127,NA
AtomicEnum,Exception,1754566129567730627,NA,NA,1754566129804850786,NA
AtomicEnum,Exception,1754566129804853385,NA,NA,1754566130044581222,NA
AtomicEnum,Exception,1754566130044587767,NA,NA,1754566130282995890,NA
AtomicEnum,Exception,1754566130282999678,NA,NA,1754566130521185755,NA
AtomicEnum,Exception,1754566130521187967,NA,NA,1754566130758608010,NA
AtomicEnum,Exception,1754566130758611355,NA,NA,1754566130996410135,NA
AtomicEnum,Exception,1754566130996411553,NA,NA,1754566131234592153,NA
AtomicEnum,Exception,1754566131234594476,NA,NA,1754566131472927850,NA
AtomicEnum,Exception,1754566131472931219,NA,NA,1754566131711272396,NA
AtomicEnum,Exception,1754566131711275354,NA,NA,1754566131950935189,NA
AtomicEnum,Exception,1754566131950937132,NA,NA,1754566132189229669,NA
AtomicEnum,Exception,1754566132189231037,NA,NA,1754566132427297290,NA
AtomicEnum,Exception,1754566132427301051,NA,NA,1754566132664707511,NA
AtomicEnum,Exception,1754566132664710253,NA,NA,1754566132904196585,NA
AtomicEnum,Exception,1754566132904201121,NA,NA,1754566133141887930,NA
AtomicEnum,Exception,1754566133141890234,NA,NA,1754566133380636806,NA
AtomicEnum,Exception,1754566133380640881,NA,NA,1754566133618366640,NA
AtomicEnum,Exception,1754566133618369055,NA,NA,1754566133856965036,NA
AtomicEnum,Exception,1754566133856979641,NA,NA,1754566134095934405,NA
AtomicEnum,Exception,1754566134095937437,NA,NA,1754566134335281008,NA
AtomicEnum,Exception,1754566134335282858,NA,NA,1754566134572834448,NA
AtomicEnum,Exception,1754566134572836539,NA,NA,1754566134814942693,NA
AtomicEnum,Exception,1754566134814947645,NA,NA,1754566135061710028,NA
AtomicEnum,Exception,1754566135061712332,NA,NA,1754566135310524560,NA
FunctionExchange,ErrorReturn,1754566135310554595,NA,NA,1754566135565614854,NA
FunctionExchange,ErrorReturn,1754566135565618458,NA,NA,1754566135820734205,NA
FunctionExchange,ErrorReturn,1754566135820737424,NA,NA,1754566136074966646,NA
FunctionExchange,ErrorReturn,1754566136074967928,NA,NA,1754566136331102798,NA
FunctionExchange,ErrorReturn,1754566136331105915,NA,NA,1754566136587592687,NA
FunctionExchange,ErrorReturn,1754566136587594168,NA,NA,1754566136842551973,NA
FunctionExchange,ErrorReturn,1754566136842555422,NA,NA,1754566137096381162,NA
FunctionExchange,ErrorReturn,1754566137096382413,NA,NA,1754566137340252298,NA
FunctionExchange,ErrorReturn,1754566137340257090,NA,NA,1754566137583137768,NA
FunctionExchange,ErrorReturn,1754566137583138743,NA,NA,1754566137827707022,NA
FunctionExchange,ErrorReturn,1754566137827710092,NA,NA,1754566138071392645,NA
FunctionExchange,ErrorReturn,1754566138071394374,NA,NA,1754566138313800481,NA
FunctionExchange,ErrorReturn,1754566138313803338,NA,NA,1754566138557509863,NA
FunctionExchange,ErrorReturn,1754566138557512726,NA,NA,1754566138801549733,NA
FunctionExchange,ErrorReturn,1754566138801553320,NA,NA,1754566139044722121,NA
FunctionExchange,ErrorReturn,1754566139044723106,NA,NA,1754566139289035721,NA
FunctionExchange,ErrorReturn,1754566139289045603,NA,NA,1754566139543469170,NA
FunctionExchange,ErrorReturn,1754566139543471896,NA,NA,1754566139799122752,NA
FunctionExchange,ErrorReturn,1754566139799126199,NA,NA,1754566140053159484,NA
FunctionExchange,ErrorReturn,1754566140053161937,NA,NA,1754566140307575564,NA
FunctionExchange,ErrorReturn,1754566140307579037,NA,NA,1754566140564769259,NA
FunctionExchange,ErrorReturn,1754566140564772517,NA,NA,1754566140812876883,NA
FunctionExchange,ErrorReturn,1754566140812880802,NA,NA,1754566141059995149,NA
FunctionExchange,ErrorReturn,1754566141059997694,NA,NA,1754566141302914743,NA
FunctionExchange,ErrorReturn,1754566141302916978,NA,NA,1754566141546255696,NA
FunctionExchange,ErrorReturn,1754566141546259495,NA,NA,1754566141787567697,NA
FunctionExchange,ErrorReturn,1754566141787573016,NA,NA,1754566142031755004,NA
FunctionExchange,ErrorReturn,1754566142031756615,NA,NA,1754566142273412216,NA
FunctionExchange,ErrorReturn,1754566142273413218,NA,NA,1754566142515999456,NA
FunctionExchange,ErrorReturn,1754566142516000969,NA,NA,1754566142757865584,NA
FunctionExchange,ErrorReturn,1754566142757867173,NA,NA,1754566143000374369,NA
FunctionExchange,ErrorReturn,1754566143000376198,NA,NA,1754566143243441544,NA
FunctionExchange,ErrorReturn,1754566143243443897,NA,NA,1754566143487638186,NA
FunctionExchange,ErrorReturn,1754566143487640410,NA,NA,1754566143732028030,NA
FunctionExchange,ErrorReturn,1754566143732029646,NA,NA,1754566143974714489,NA
FunctionExchange,ErrorReturn,1754566143974716868,NA,NA,1754566144216718965,NA
FunctionExchange,ErrorReturn,1754566144216721836,NA,NA,1754566144459908557,NA
FunctionExchange,ErrorReturn,1754566144459910625,NA,NA,1754566144702903512,NA
FunctionExchange,ErrorReturn,1754566144702912284,NA,NA,1754566144957734203,NA
FunctionExchange,ErrorReturn,1754566144957740495,NA,NA,1754566145215044929,NA
FunctionExchange,ErrorReturn,1754566145215048448,NA,NA,1754566145472403511,NA
FunctionExchange,ErrorReturn,1754566145472406165,NA,NA,1754566145730572466,NA
FunctionExchange,ErrorReturn,1754566145730577722,NA,NA,1754566145980665092,NA
FunctionExchange,ErrorReturn,1754566145980669043,NA,NA,1754566146224155324,NA
FunctionExchange,ErrorReturn,1754566146224157585,NA,NA,1754566146464935992,NA
FunctionExchange,ErrorReturn,1754566146464938734,NA,NA,1754566146709695278,NA
FunctionExchange,ErrorReturn,1754566146709698360,NA,NA,1754566146953292230,NA
FunctionExchange,ErrorReturn,1754566146953298651,NA,NA,1754566147197162475,NA
FunctionExchange,ErrorReturn,1754566147197165876,NA,NA,1754566147441360364,NA
FunctionExchange,ErrorReturn,1754566147441364209,NA,NA,1754566147684033092,NA
FunctionExchange,ErrorReturn,1754566147684037521,NA,NA,1754566147929938524,NA
FunctionExchange,ErrorReturn,1754566147929940461,NA,NA,1754566148172904540,NA
FunctionExchange,ErrorReturn,1754566148172905566,NA,NA,1754566148417411922,NA
FunctionExchange,ErrorReturn,1754566148417416156,NA,NA,1754566148661645424,NA
FunctionExchange,ErrorReturn,1754566148661651940,NA,NA,1754566148916881723,NA
FunctionExchange,ErrorReturn,1754566148916885800,NA,NA,1754566149174018058,NA
FunctionExchange,ErrorReturn,1754566149174023773,NA,NA,1754566149428320435,NA
FunctionExchange,ErrorReturn,1754566149428323059,NA,NA,1754566149675614850,NA
FunctionExchange,ErrorReturn,1754566149675620622,NA,NA,1754566149919867096,NA
FunctionExchange,ErrorReturn,1754566149919881855,NA,NA,1754566150164416453,NA
FunctionExchange,ErrorReturn,1754566150164419551,NA,NA,1754566150408340516,NA
FunctionExchange,ErrorReturn,1754566150408344805,NA,NA,1754566150651533496,NA
FunctionExchange,ErrorReturn,1754566150651534145,NA,NA,1754566150892778577,NA
FunctionExchange,ErrorReturn,1754566150892780656,NA,NA,1754566151136357682,NA
FunctionExchange,ErrorReturn,1754566151136359976,NA,NA,1754566151380888092,NA
FunctionExchange,ErrorReturn,1754566151380890215,NA,NA,1754566151623042254,NA
FunctionExchange,ErrorReturn,1754566151623045522,NA,NA,1754566151865716826,NA
FunctionExchange,ErrorReturn,1754566151865719916,NA,NA,1754566152108690029,NA
FunctionExchange,ErrorReturn,1754566152108691741,NA,NA,1754566152352691408,NA
FunctionExchange,ErrorReturn,1754566152352694105,NA,NA,1754566152593696907,NA
FunctionExchange,ErrorReturn,1754566152593697795,NA,NA,1754566152837232962,NA
FunctionExchange,ErrorReturn,1754566152837234507,NA,NA,1754566153081366527,NA
FunctionExchange,ErrorReturn,1754566153081369749,NA,NA,1754566153323423775,NA
FunctionExchange,ErrorReturn,1754566153323424847,NA,NA,1754566153566799588,NA
FunctionExchange,ErrorReturn,1754566153566801907,NA,NA,1754566153810222855,NA
FunctionExchange,ErrorReturn,1754566153810224219,NA,NA,1754566154055590798,NA
FunctionExchange,ErrorReturn,1754566154055595164,NA,NA,1754566154299016100,NA
FunctionExchange,ErrorReturn,1754566154299018010,NA,NA,1754566154541278125,NA
FunctionExchange,ErrorReturn,1754566154541281430,NA,NA,1754566154784059543,NA
FunctionExchange,ErrorReturn,1754566154784063088,NA,NA,1754566155026614695,NA
FunctionExchange,ErrorReturn,1754566155026621657,NA,NA,1754566155269268133,NA
FunctionExchange,ErrorReturn,1754566155269269629,NA,NA,1754566155512071356,NA
FunctionExchange,ErrorReturn,1754566155512074747,NA,NA,1754566155753887548,NA
FunctionExchange,ErrorReturn,1754566155753888231,NA,NA,1754566155997990580,NA
FunctionExchange,ErrorReturn,1754566155997992917,NA,NA,1754566156240218630,NA
FunctionExchange,ErrorReturn,1754566156240220741,NA,NA,1754566156485014972,NA
FunctionExchange,ErrorReturn,1754566156485018052,NA,NA,1754566156727822430,NA
FunctionExchange,ErrorReturn,1754566156727824385,NA,NA,1754566156975190382,NA
FunctionExchange,ErrorReturn,1754566156975196592,NA,NA,1754566157230995520,NA
FunctionExchange,ErrorReturn,1754566157231000323,NA,NA,1754566157485863954,NA
FunctionExchange,ErrorReturn,1754566157485868480,NA,NA,1754566157741201447,NA
FunctionExchange,ErrorReturn,1754566157741204485,NA,NA,1754566157997370458,NA
FunctionExchange,ErrorReturn,1754566157997373833,NA,NA,1754566158251850984,NA
FunctionExchange,ErrorReturn,1754566158251852798,NA,NA,1754566158506992695,NA
FunctionExchange,ErrorReturn,1754566158506998423,NA,NA,1754566158763976003,NA
FunctionExchange,ErrorReturn,1754566158763978200,NA,NA,1754566159018203902,NA
FunctionExchange,ErrorReturn,1754566159018208692,NA,NA,1754566159274177478,NA
FunctionExchange,ErrorReturn,1754566159274180107,NA,NA,1754566159521424568,NA
FunctionExchange,ErrorReturn,1754566159521429899,NA,NA,1754566159762971630,NA
FunctionExchange,ErrorReturn,1754566159762973951,NA,NA,1754566160006482833,NA
FunctionExchange,Exception,1754566160006508505,NA,NA,1754566160260976468,NA
FunctionExchange,Exception,1754566160260981240,NA,NA,1754566160516648816,NA
FunctionExchange,Exception,1754566160516657441,NA,NA,1754566160770360692,NA
FunctionExchange,Exception,1754566160770363672,NA,NA,1754566161027896939,NA
FunctionExchange,Exception,1754566161027899275,NA,NA,1754566161282252075,NA
FunctionExchange,Exception,1754566161282256915,NA,NA,1754566161540514244,NA
FunctionExchange,Exception,1754566161540518428,NA,NA,1754566161794102651,NA
FunctionExchange,Exception,1754566161794106620,NA,NA,1754566162047608551,NA
FunctionExchange,Exception,1754566162047613434,NA,NA,1754566162298656837,NA
FunctionExchange,Exception,1754566162298659862,NA,NA,1754566162541257923,NA
FunctionExchange,Exception,1754566162541261387,NA,NA,1754566162785526469,NA
FunctionExchange,Exception,1754566162785529262,NA,NA,1754566163029113090,NA
FunctionExchange,Exception,1754566163029115274,NA,NA,1754566163271772921,NA
FunctionExchange,Exception,1754566163271776165,NA,NA,1754566163512509014,NA
FunctionExchange,Exception,1754566163512512758,NA,NA,1754566163765637554,NA
FunctionExchange,Exception,1754566163765641340,NA,NA,1754566164019121081,NA
FunctionExchange,Exception,1754566164019123076,NA,NA,1754566164273319616,NA
FunctionExchange,Exception,1754566164273324694,NA,NA,1754566164525307288,NA
FunctionExchange,Exception,1754566164525309834,NA,NA,1754566164764460720,NA
FunctionExchange,Exception,1754566164764462073,NA,NA,1754566165005511639,NA
FunctionExchange,Exception,1754566165005513918,NA,NA,1754566165247384480,NA
FunctionExchange,Exception,1754566165247389634,NA,NA,1754566165489545436,NA
FunctionExchange,Exception,1754566165489549240,NA,NA,1754566165741371621,NA
FunctionExchange,Exception,1754566165741382330,NA,NA,1754566165996654302,NA
FunctionExchange,Exception,1754566165996656071,NA,NA,1754566166251159758,NA
FunctionExchange,Exception,1754566166251167049,NA,NA,1754566166497740158,NA
FunctionExchange,Exception,1754566166497743493,NA,NA,1754566166745335908,NA
FunctionExchange,Exception,1754566166745338230,NA,NA,1754566166998905476,NA
FunctionExchange,Exception,1754566166998908291,NA,NA,1754566167251416145,NA
FunctionExchange,Exception,1754566167251423191,NA,NA,1754566167506062714,NA
FunctionExchange,Exception,1754566167506069449,NA,NA,1754566167760319918,NA
FunctionExchange,Exception,1754566167760323431,NA,NA,1754566168013481370,NA
FunctionExchange,Exception,1754566168013485019,NA,NA,1754566168268464848,NA
FunctionExchange,Exception,1754566168268467129,NA,NA,1754566168523671721,NA
FunctionExchange,Exception,1754566168523673763,NA,NA,1754566168776651640,NA
FunctionExchange,Exception,1754566168776652230,NA,NA,1754566169029914458,NA
FunctionExchange,Exception,1754566169029916854,NA,NA,1754566169286488926,NA
FunctionExchange,Exception,1754566169286491795,NA,NA,1754566169540131292,NA
FunctionExchange,Exception,1754566169540136236,NA,NA,1754566169795154605,NA
FunctionExchange,Exception,1754566169795156555,NA,NA,1754566170048573413,NA
FunctionExchange,Exception,1754566170048574958,NA,NA,1754566170303955369,NA
FunctionExchange,Exception,1754566170303957990,NA,NA,1754566170561451938,NA
FunctionExchange,Exception,1754566170561453627,NA,NA,1754566170818636144,NA
FunctionExchange,Exception,1754566170818638556,NA,NA,1754566171070850368,NA
FunctionExchange,Exception,1754566171070878478,NA,NA,1754566171324262826,NA
FunctionExchange,Exception,1754566171324265182,NA,NA,1754566171577331209,NA
FunctionExchange,Exception,1754566171577332623,NA,NA,1754566171830902977,NA
FunctionExchange,Exception,1754566171830906257,NA,NA,1754566172083492116,NA
FunctionExchange,Exception,1754566172083494367,NA,NA,1754566172336864380,NA
FunctionExchange,Exception,1754566172336869495,NA,NA,1754566172588557957,NA
FunctionExchange,Exception,1754566172588560518,NA,NA,1754566172828758660,NA
FunctionExchange,Exception,1754566172828762038,NA,NA,1754566173068594002,NA
FunctionExchange,Exception,1754566173068596356,NA,NA,1754566173309326861,NA
FunctionExchange,Exception,1754566173309330205,NA,NA,1754566173550195977,NA
FunctionExchange,Exception,1754566173550201651,NA,NA,1754566173792882966,NA
FunctionExchange,Exception,1754566173792886902,NA,NA,1754566174033903903,NA
FunctionExchange,Exception,1754566174033906606,NA,NA,1754566174275594289,NA
FunctionExchange,Exception,1754566174275597362,NA,NA,1754566174516814972,NA
FunctionExchange,Exception,1754566174516820898,NA,NA,1754566174757531443,NA
FunctionExchange,Exception,1754566174757533220,NA,NA,1754566175001331678,NA
FunctionExchange,Exception,1754566175001334103,NA,NA,1754566175243969075,NA
FunctionExchange,Exception,1754566175243971672,NA,NA,1754566175485167285,NA
FunctionExchange,Exception,1754566175485171567,NA,NA,1754566175724981969,NA
FunctionExchange,Exception,1754566175724984074,NA,NA,1754566175965958250,NA
FunctionExchange,Exception,1754566175965961356,NA,NA,1754566176214800934,NA
FunctionExchange,Exception,1754566176214803874,NA,NA,1754566176468333321,NA
FunctionExchange,Exception,1754566176468341846,NA,NA,1754566176721576620,NA
FunctionExchange,Exception,1754566176721580093,NA,NA,1754566176977138237,NA
FunctionExchange,Exception,1754566176977142347,NA,NA,1754566177229527099,NA
FunctionExchange,Exception,1754566177229529014,NA,NA,1754566177484312190,NA
FunctionExchange,Exception,1754566177484317750,NA,NA,1754566177738918661,NA
FunctionExchange,Exception,1754566177738922747,NA,NA,1754566177993048321,NA
FunctionExchange,Exception,1754566177993050081,NA,NA,1754566178245445095,NA
FunctionExchange,Exception,1754566178245448327,NA,NA,1754566178498534899,NA
FunctionExchange,Exception,1754566178498540612,NA,NA,1754566178750799656,NA
FunctionExchange,Exception,1754566178750802452,NA,NA,1754566179006051823,NA
FunctionExchange,Exception,1754566179006056102,NA,NA,1754566179259781281,NA
FunctionExchange,Exception,1754566179259782929,NA,NA,1754566179505078806,NA
FunctionExchange,Exception,1754566179505084073,NA,NA,1754566179744744143,NA
FunctionExchange,Exception,1754566179744746160,NA,NA,1754566179985685254,NA
FunctionExchange,Exception,1754566179985690537,NA,NA,1754566180224701366,NA
FunctionExchange,Exception,1754566180224703029,NA,NA,1754566180465776171,NA
FunctionExchange,Exception,1754566180465785204,NA,NA,1754566180706512354,NA
FunctionExchange,Exception,1754566180706515768,NA,NA,1754566180947073857,NA
FunctionExchange,Exception,1754566180947076396,NA,NA,1754566181196706443,NA
FunctionExchange,Exception,1754566181196709966,NA,NA,1754566181445404479,NA
FunctionExchange,Exception,1754566181445408594,NA,NA,1754566181688718003,NA
FunctionExchange,Exception,1754566181688731235,NA,NA,1754566181929903696,NA
FunctionExchange,Exception,1754566181929905951,NA,NA,1754566182171908664,NA
FunctionExchange,Exception,1754566182171912289,NA,NA,1754566182415733003,NA
FunctionExchange,Exception,1754566182415736144,NA,NA,1754566182655394217,NA
FunctionExchange,Exception,1754566182655395852,NA,NA,1754566182895581407,NA
FunctionExchange,Exception,1754566182895582812,NA,NA,1754566183140266690,NA
FunctionExchange,Exception,1754566183140268493,NA,NA,1754566183382180942,NA
FunctionExchange,Exception,1754566183382187390,NA,NA,1754566183623982920,NA
FunctionExchange,Exception,1754566183623986404,NA,NA,1754566183865783693,NA
FunctionExchange,Exception,1754566183865784777,NA,NA,1754566184106724536,NA
FunctionExchange,Exception,1754566184106728122,NA,NA,1754566184355360986,NA
FunctionExchange,Exception,1754566184355365973,NA,NA,1754566184605846029,NA
FunctionExchange,Exception,1754566184605849993,NA,NA,1754566184858306870,NA
FunctionPointerExchange,ErrorReturn,1754566184858330818,NA,NA,1754566185107976667,NA
FunctionPointerExchange,ErrorReturn,1754566185107980952,NA,NA,1754566185355675401,NA
FunctionPointerExchange,ErrorReturn,1754566185355677252,NA,NA,1754566185604730097,NA
FunctionPointerExchange,ErrorReturn,1754566185604732628,NA,NA,1754566185853473723,NA
FunctionPointerExchange,ErrorReturn,1754566185853474428,NA,NA,1754566186098952638,NA
FunctionPointerExchange,ErrorReturn,1754566186098953215,NA,NA,1754566186350302090,NA
FunctionPointerExchange,ErrorReturn,1754566186350304341,NA,NA,1754566186582471081,NA
FunctionPointerExchange,ErrorReturn,1754566186582476401,NA,NA,1754566186819596204,NA
FunctionPointerExchange,ErrorReturn,1754566186819607088,NA,NA,1754566187056026165,NA
FunctionPointerExchange,ErrorReturn,1754566187056028674,NA,NA,1754566187292185784,NA
FunctionPointerExchange,ErrorReturn,1754566187292189178,NA,NA,1754566187527710865,NA
FunctionPointerExchange,ErrorReturn,1754566187527714260,NA,NA,1754566187764432030,NA
FunctionPointerExchange,ErrorReturn,1754566187764433964,NA,NA,1754566188000286311,NA
FunctionPointerExchange,ErrorReturn,1754566188000289804,NA,NA,1754566188237199817,NA
FunctionPointerExchange,ErrorReturn,1754566188237203903,NA,NA,1754566188474613175,NA
FunctionPointerExchange,ErrorReturn,1754566188474616911,NA,NA,1754566188710718975,NA
FunctionPointerExchange,ErrorReturn,1754566188710723319,NA,NA,1754566188948454564,NA
FunctionPointerExchange,ErrorReturn,1754566188948457016,NA,NA,1754566189184979694,NA
FunctionPointerExchange,ErrorReturn,1754566189184982688,NA,NA,1754566189419651335,NA
FunctionPointerExchange,ErrorReturn,1754566189419655656,NA,NA,1754566189656791572,NA
FunctionPointerExchange,ErrorReturn,1754566189656795661,NA,NA,1754566189893148398,NA
FunctionPointerExchange,ErrorReturn,1754566189893152870,NA,NA,1754566190129007256,NA
FunctionPointerExchange,ErrorReturn,1754566190129009010,NA,NA,1754566190367023788,NA
FunctionPointerExchange,ErrorReturn,1754566190367028205,NA,NA,1754566190608044706,NA
FunctionPointerExchange,ErrorReturn,1754566190608051005,NA,NA,1754566190860871415,NA
FunctionPointerExchange,ErrorReturn,1754566190860875321,NA,NA,1754566191110240394,NA
FunctionPointerExchange,ErrorReturn,1754566191110243405,NA,NA,1754566191357455099,NA
FunctionPointerExchange,ErrorReturn,1754566191357458801,NA,NA,1754566191608474705,NA
FunctionPointerExchange,ErrorReturn,1754566191608482027,NA,NA,1754566191855716876,NA
FunctionPointerExchange,ErrorReturn,1754566191855720099,NA,NA,1754566192101552590,NA
FunctionPointerExchange,ErrorReturn,1754566192101563884,NA,NA,1754566192349807401,NA
FunctionPointerExchange,ErrorReturn,1754566192349810223,NA,NA,1754566192597513853,NA
FunctionPointerExchange,ErrorReturn,1754566192597521014,NA,NA,1754566192847024374,NA
FunctionPointerExchange,ErrorReturn,1754566192847026860,NA,NA,1754566193094870212,NA
FunctionPointerExchange,ErrorReturn,1754566193094871215,NA,NA,1754566193342611808,NA
FunctionPointerExchange,ErrorReturn,1754566193342615004,NA,NA,1754566193591880960,NA
FunctionPointerExchange,ErrorReturn,1754566193591887305,NA,NA,1754566193839682751,NA
FunctionPointerExchange,ErrorReturn,1754566193839686482,NA,NA,1754566194087493481,NA
FunctionPointerExchange,ErrorReturn,1754566194087496453,NA,NA,1754566194336239218,NA
FunctionPointerExchange,ErrorReturn,1754566194336241802,NA,NA,1754566194572185247,NA
FunctionPointerExchange,ErrorReturn,1754566194572192418,NA,NA,1754566194806975575,NA
FunctionPointerExchange,ErrorReturn,1754566194806977209,NA,NA,1754566195043384609,NA
FunctionPointerExchange,ErrorReturn,1754566195043386866,NA,NA,1754566195278112037,NA
FunctionPointerExchange,ErrorReturn,1754566195278115959,NA,NA,1754566195514347922,NA
FunctionPointerExchange,ErrorReturn,1754566195514355177,NA,NA,1754566195748965602,NA
FunctionPointerExchange,ErrorReturn,1754566195748969702,NA,NA,1754566195987689760,NA
FunctionPointerExchange,ErrorReturn,1754566195987694190,NA,NA,1754566196226421840,NA
FunctionPointerExchange,ErrorReturn,1754566196226425371,NA,NA,1754566196474726237,NA
FunctionPointerExchange,ErrorReturn,1754566196474727884,NA,NA,1754566196722145169,NA
FunctionPointerExchange,ErrorReturn,1754566196722151224,NA,NA,1754566196963381833,NA
FunctionPointerExchange,ErrorReturn,1754566196963384825,NA,NA,1754566197198534627,NA
FunctionPointerExchange,ErrorReturn,1754566197198546815,NA,NA,1754566197435229128,NA
FunctionPointerExchange,ErrorReturn,1754566197435230966,NA,NA,1754566197671576983,NA
FunctionPointerExchange,ErrorReturn,1754566197671580805,NA,NA,1754566197907458730,NA
FunctionPointerExchange,ErrorReturn,1754566197907460645,NA,NA,1754566198145335997,NA
FunctionPointerExchange,ErrorReturn,1754566198145339626,NA,NA,1754566198380876627,NA
FunctionPointerExchange,ErrorReturn,1754566198380881247,NA,NA,1754566198616999398,NA
FunctionPointerExchange,ErrorReturn,1754566198617002077,NA,NA,1754566198852483424,NA
FunctionPointerExchange,ErrorReturn,1754566198852485847,NA,NA,1754566199090659883,NA
FunctionPointerExchange,ErrorReturn,1754566199090662873,NA,NA,1754566199326860784,NA
FunctionPointerExchange,ErrorReturn,1754566199326864215,NA,NA,1754566199563327416,NA
FunctionPointerExchange,ErrorReturn,1754566199563331038,NA,NA,1754566199800857091,NA
FunctionPointerExchange,ErrorReturn,1754566199800858991,NA,NA,1754566200036669932,NA
FunctionPointerExchange,ErrorReturn,1754566200036670626,NA,NA,1754566200272678295,NA
FunctionPointerExchange,ErrorReturn,1754566200272679839,NA,NA,1754566200511080365,NA
FunctionPointerExchange,ErrorReturn,1754566200511085414,NA,NA,1754566200748401562,NA
FunctionPointerExchange,ErrorReturn,1754566200748404877,NA,NA,1754566200984835542,NA
FunctionPointerExchange,ErrorReturn,1754566200984838596,NA,NA,1754566201222176451,NA
FunctionPointerExchange,ErrorReturn,1754566201222179058,NA,NA,1754566201459117899,NA
FunctionPointerExchange,ErrorReturn,1754566201459121650,NA,NA,1754566201694978111,NA
FunctionPointerExchange,ErrorReturn,1754566201694981797,NA,NA,1754566201931960814,NA
FunctionPointerExchange,ErrorReturn,1754566201931961623,NA,NA,1754566202167279871,NA
FunctionPointerExchange,ErrorReturn,1754566202167296302,NA,NA,1754566202412048565,NA
FunctionPointerExchange,ErrorReturn,1754566202412052760,NA,NA,1754566202655552403,NA
FunctionPointerExchange,ErrorReturn,1754566202655557430,NA,NA,1754566202902744046,NA
FunctionPointerExchange,ErrorReturn,1754566202902746238,NA,NA,1754566203150205535,NA
FunctionPointerExchange,ErrorReturn,1754566203150207239,NA,NA,1754566203398195411,NA
FunctionPointerExchange,ErrorReturn,1754566203398199862,NA,NA,1754566203645349798,NA
FunctionPointerExchange,ErrorReturn,1754566203645356381,NA,NA,1754566203892846839,NA
FunctionPointerExchange,ErrorReturn,1754566203892848918,NA,NA,1754566204141062781,NA
FunctionPointerExchange,ErrorReturn,1754566204141069338,NA,NA,1754566204392030641,NA
FunctionPointerExchange,ErrorReturn,1754566204392034481,NA,NA,1754566204643835452,NA
FunctionPointerExchange,ErrorReturn,1754566204643842380,NA,NA,1754566204894409573,NA
FunctionPointerExchange,ErrorReturn,1754566204894412614,NA,NA,1754566205141227653,NA
FunctionPointerExchange,ErrorReturn,1754566205141229857,NA,NA,1754566205374252503,NA
FunctionPointerExchange,ErrorReturn,1754566205374255749,NA,NA,1754566205608685721,NA
FunctionPointerExchange,ErrorReturn,1754566205608688458,NA,NA,1754566205844407661,NA
FunctionPointerExchange,ErrorReturn,1754566205844410957,NA,NA,1754566206079762025,NA
FunctionPointerExchange,ErrorReturn,1754566206079766892,NA,NA,1754566206314818101,NA
FunctionPointerExchange,ErrorReturn,1754566206314819553,NA,NA,1754566206553321072,NA
FunctionPointerExchange,ErrorReturn,1754566206553325631,NA,NA,1754566206791190397,NA
FunctionPointerExchange,ErrorReturn,1754566206791194834,NA,NA,1754566207025646022,NA
FunctionPointerExchange,ErrorReturn,1754566207025647379,NA,NA,1754566207261089258,NA
FunctionPointerExchange,ErrorReturn,1754566207261091457,NA,NA,1754566207496746564,NA
FunctionPointerExchange,ErrorReturn,1754566207496771388,NA,NA,1754566207731106184,NA
FunctionPointerExchange,ErrorReturn,1754566207731108247,NA,NA,1754566207967076454,NA
FunctionPointerExchange,ErrorReturn,1754566207967077212,NA,NA,1754566208202879388,NA
FunctionPointerExchange,ErrorReturn,1754566208202880571,NA,NA,1754566208439462077,NA
FunctionPointerExchange,ErrorReturn,1754566208439463412,NA,NA,1754566208677067255,NA
FunctionPointerExchange,ErrorReturn,1754566208677068554,NA,NA,1754566208914092865,NA
FunctionPointerExchange,Exception,1754566208914120243,NA,NA,1754566209151443209,NA
FunctionPointerExchange,Exception,1754566209151443915,NA,NA,1754566209389062098,NA
FunctionPointerExchange,Exception,1754566209389063197,NA,NA,1754566209626005681,NA
FunctionPointerExchange,Exception,1754566209626006366,NA,NA,1754566209864085200,NA
FunctionPointerExchange,Exception,1754566209864085904,NA,NA,1754566210099995570,NA
FunctionPointerExchange,Exception,1754566210099996004,NA,NA,1754566210338013249,NA
FunctionPointerExchange,Exception,1754566210338014170,NA,NA,1754566210576525353,NA
FunctionPointerExchange,Exception,1754566210576526566,NA,NA,1754566210814067595,NA
FunctionPointerExchange,Exception,1754566210814068054,NA,NA,1754566211052621554,NA
FunctionPointerExchange,Exception,1754566211052622398,NA,NA,1754566211291419190,NA
FunctionPointerExchange,Exception,1754566211291421396,NA,NA,1754566211528771085,NA
FunctionPointerExchange,Exception,1754566211528772352,NA,NA,1754566211765894396,NA
FunctionPointerExchange,Exception,1754566211765896707,NA,NA,1754566212004880958,NA
FunctionPointerExchange,Exception,1754566212004883509,NA,NA,1754566212242682600,NA
FunctionPointerExchange,Exception,1754566212242684393,NA,NA,1754566212480195065,NA
FunctionPointerExchange,Exception,1754566212480223145,NA,NA,1754566212720937340,NA
FunctionPointerExchange,Exception,1754566212720939864,NA,NA,1754566212961005160,NA
FunctionPointerExchange,Exception,1754566212961007182,NA,NA,1754566213199248693,NA
FunctionPointerExchange,Exception,1754566213199249637,NA,NA,1754566213437070510,NA
FunctionPointerExchange,Exception,1754566213437071463,NA,NA,1754566213675063478,NA
FunctionPointerExchange,Exception,1754566213675064612,NA,NA,1754566213911593460,NA
FunctionPointerExchange,Exception,1754566213911594058,NA,NA,1754566214150511726,NA
FunctionPointerExchange,Exception,1754566214150512634,NA,NA,1754566214385723719,NA
FunctionPointerExchange,Exception,1754566214385724977,NA,NA,1754566214622449247,NA
FunctionPointerExchange,Exception,1754566214622451197,NA,NA,1754566214858911321,NA
FunctionPointerExchange,Exception,1754566214858912051,NA,NA,1754566215096829680,NA
FunctionPointerExchange,Exception,1754566215096830879,NA,NA,1754566215335241210,NA
FunctionPointerExchange,Exception,1754566215335244019,NA,NA,1754566215573179525,NA
FunctionPointerExchange,Exception,1754566215573181434,NA,NA,1754566215809092825,NA
FunctionPointerExchange,Exception,1754566215809095461,NA,NA,1754566216046992964,NA
FunctionPointerExchange,Exception,1754566216046994562,NA,NA,1754566216284765646,NA
FunctionPointerExchange,Exception,1754566216284768065,NA,NA,1754566216522834209,NA
FunctionPointerExchange,Exception,1754566216522836594,NA,NA,1754566216761807640,NA
FunctionPointerExchange,Exception,1754566216761813072,NA,NA,1754566217001890256,NA
FunctionPointerExchange,Exception,1754566217001893753,NA,NA,1754566217238418470,NA
FunctionPointerExchange,Exception,1754566217238420992,NA,NA,1754566217476254872,NA
FunctionPointerExchange,Exception,1754566217476284961,NA,NA,1754566217713864321,NA
FunctionPointerExchange,Exception,1754566217713866953,NA,NA,1754566217952293105,NA
FunctionPointerExchange,Exception,1754566217952295417,NA,NA,1754566218189687451,NA
FunctionPointerExchange,Exception,1754566218189690732,NA,NA,1754566218425926413,NA
FunctionPointerExchange,Exception,1754566218425927972,NA,NA,1754566218663058351,NA
FunctionPointerExchange,Exception,1754566218663058889,NA,NA,1754566218901226098,NA
FunctionPointerExchange,Exception,1754566218901227307,NA,NA,1754566219138395959,NA
FunctionPointerExchange,Exception,1754566219138396791,NA,NA,1754566219376375366,NA
FunctionPointerExchange,Exception,1754566219376377000,NA,NA,1754566219613593840,NA
FunctionPointerExchange,Exception,1754566219613595767,NA,NA,1754566219849290283,NA
FunctionPointerExchange,Exception,1754566219849292497,NA,NA,1754566220086858364,NA
FunctionPointerExchange,Exception,1754566220086859149,NA,NA,1754566220324288227,NA
FunctionPointerExchange,Exception,1754566220324291276,NA,NA,1754566220563131836,NA
FunctionPointerExchange,Exception,1754566220563132603,NA,NA,1754566220800832660,NA
FunctionPointerExchange,Exception,1754566220800834406,NA,NA,1754566221038996465,NA
FunctionPointerExchange,Exception,1754566221038997262,NA,NA,1754566221276274958,NA
FunctionPointerExchange,Exception,1754566221276276346,NA,NA,1754566221516224549,NA
FunctionPointerExchange,Exception,1754566221516225694,NA,NA,1754566221753506670,NA
FunctionPointerExchange,Exception,1754566221753507279,NA,NA,1754566221992064484,NA
FunctionPointerExchange,Exception,1754566221992067202,NA,NA,1754566222229164610,NA
FunctionPointerExchange,Exception,1754566222229165700,NA,NA,1754566222466088690,NA
FunctionPointerExchange,Exception,1754566222466101966,NA,NA,1754566222704699300,NA
FunctionPointerExchange,Exception,1754566222704702159,NA,NA,1754566222942465838,NA
FunctionPointerExchange,Exception,1754566222942466720,NA,NA,1754566223179159102,NA
FunctionPointerExchange,Exception,1754566223179160175,NA,NA,1754566223417955816,NA
FunctionPointerExchange,Exception,1754566223417957761,NA,NA,1754566223655252101,NA
FunctionPointerExchange,Exception,1754566223655253871,NA,NA,1754566223892200053,NA
FunctionPointerExchange,Exception,1754566223892201587,NA,NA,1754566224128938715,NA
FunctionPointerExchange,Exception,1754566224128940203,NA,NA,1754566224366492922,NA
FunctionPointerExchange,Exception,1754566224366493609,NA,NA,1754566224606236861,NA
FunctionPointerExchange,Exception,1754566224606237223,NA,NA,1754566224842900280,NA
FunctionPointerExchange,Exception,1754566224842901043,NA,NA,1754566225080679727,NA
FunctionPointerExchange,Exception,1754566225080680584,NA,NA,1754566225317562752,NA
FunctionPointerExchange,Exception,1754566225317563914,NA,NA,1754566225554901453,NA
FunctionPointerExchange,Exception,1754566225554903503,NA,NA,1754566225792440051,NA
FunctionPointerExchange,Exception,1754566225792441076,NA,NA,1754566226029607526,NA
FunctionPointerExchange,Exception,1754566226029609536,NA,NA,1754566226266791230,NA
FunctionPointerExchange,Exception,1754566226266791529,NA,NA,1754566226505452782,NA
FunctionPointerExchange,Exception,1754566226505453432,NA,NA,1754566226742409388,NA
FunctionPointerExchange,Exception,1754566226742409616,NA,NA,1754566226981052162,NA
FunctionPointerExchange,Exception,1754566226981053256,NA,NA,1754566227218729065,NA
FunctionPointerExchange,Exception,1754566227218730021,NA,NA,1754566227455262763,NA
FunctionPointerExchange,Exception,1754566227455263084,NA,NA,1754566227692666610,NA
FunctionPointerExchange,Exception,1754566227692670894,NA,NA,1754566227928971023,NA
FunctionPointerExchange,Exception,1754566227928971836,NA,NA,1754566228166863630,NA
FunctionPointerExchange,Exception,1754566228166865079,NA,NA,1754566228403575248,NA
FunctionPointerExchange,Exception,1754566228403577023,NA,NA,1754566228642007955,NA
FunctionPointerExchange,Exception,1754566228642009481,NA,NA,1754566228880057341,NA
FunctionPointerExchange,Exception,1754566228880057992,NA,NA,1754566229118090378,NA
FunctionPointerExchange,Exception,1754566229118091132,NA,NA,1754566229356432932,NA
FunctionPointerExchange,Exception,1754566229356434454,NA,NA,1754566229594073174,NA
FunctionPointerExchange,Exception,1754566229594075103,NA,NA,1754566229831977469,NA
FunctionPointerExchange,Exception,1754566229831978333,NA,NA,1754566230070146779,NA
FunctionPointerExchange,Exception,1754566230070147919,NA,NA,1754566230305983504,NA
FunctionPointerExchange,Exception,1754566230305985256,NA,NA,1754566230543205070,NA
FunctionPointerExchange,Exception,1754566230543208045,NA,NA,1754566230780432069,NA
FunctionPointerExchange,Exception,1754566230780433079,NA,NA,1754566231017600754,NA
FunctionPointerExchange,Exception,1754566231017601445,NA,NA,1754566231254375419,NA
FunctionPointerExchange,Exception,1754566231254376641,NA,NA,1754566231491930659,NA
FunctionPointerExchange,Exception,1754566231491931632,NA,NA,1754566231728658975,NA
FunctionPointerExchange,Exception,1754566231728660573,NA,NA,1754566231965537900,NA
FunctionPointerExchange,Exception,1754566231965539090,NA,NA,1754566232203840250,NA
FunctionPointerExchange,Exception,1754566232203842359,NA,NA,1754566232442183683,NA
FunctionPointerExchange,Exception,1754566232442184784,NA,NA,1754566232681213027,NA
FunctionPointerExchangeJustExec,Exception,1754566232681246096,NA,NA,1754566232917334665,NA
FunctionPointerExchangeJustExec,Exception,1754566232917337823,NA,NA,1754566233153535251,NA
FunctionPointerExchangeJustExec,Exception,1754566233153536043,NA,NA,1754566233393744327,NA
FunctionPointerExchangeJustExec,Exception,1754566233393746026,NA,NA,1754566233631342326,NA
FunctionPointerExchangeJustExec,Exception,1754566233631342861,NA,NA,1754566233867288887,NA
FunctionPointerExchangeJustExec,Exception,1754566233867289396,NA,NA,1754566234106895738,NA
FunctionPointerExchangeJustExec,Exception,1754566234106898711,NA,NA,1754566234344042287,NA
FunctionPointerExchangeJustExec,Exception,1754566234344044517,NA,NA,1754566234583628490,NA
FunctionPointerExchangeJustExec,Exception,1754566234583632572,NA,NA,1754566234820566685,NA
FunctionPointerExchangeJustExec,Exception,1754566234820569962,NA,NA,1754566235057275607,NA
FunctionPointerExchangeJustExec,Exception,1754566235057278156,NA,NA,1754566235295118914,NA
FunctionPointerExchangeJustExec,Exception,1754566235295121828,NA,NA,1754566235533084783,NA
FunctionPointerExchangeJustExec,Exception,1754566235533089666,NA,NA,1754566235771670788,NA
FunctionPointerExchangeJustExec,Exception,1754566235771673447,NA,NA,1754566236008193265,NA
FunctionPointerExchangeJustExec,Exception,1754566236008194850,NA,NA,1754566236244923851,NA
FunctionPointerExchangeJustExec,Exception,1754566236244926191,NA,NA,1754566236482928335,NA
FunctionPointerExchangeJustExec,Exception,1754566236482929031,NA,NA,1754566236719235970,NA
FunctionPointerExchangeJustExec,Exception,1754566236719236440,NA,NA,1754566236957083507,NA
FunctionPointerExchangeJustExec,Exception,1754566236957083921,NA,NA,1754566237193205207,NA
FunctionPointerExchangeJustExec,Exception,1754566237193206441,NA,NA,1754566237433141425,NA
FunctionPointerExchangeJustExec,Exception,1754566237433154907,NA,NA,1754566237671246385,NA
FunctionPointerExchangeJustExec,Exception,1754566237671247917,NA,NA,1754566237909969244,NA
FunctionPointerExchangeJustExec,Exception,1754566237909969980,NA,NA,1754566238145836558,NA
FunctionPointerExchangeJustExec,Exception,1754566238145837276,NA,NA,1754566238385212259,NA
FunctionPointerExchangeJustExec,Exception,1754566238385214320,NA,NA,1754566238623554148,NA
FunctionPointerExchangeJustExec,Exception,1754566238623555711,NA,NA,1754566238862595219,NA
FunctionPointerExchangeJustExec,Exception,1754566238862595742,NA,NA,1754566239100072897,NA
FunctionPointerExchangeJustExec,Exception,1754566239100073627,NA,NA,1754566239336230806,NA
FunctionPointerExchangeJustExec,Exception,1754566239336232143,NA,NA,1754566239573506317,NA
FunctionPointerExchangeJustExec,Exception,1754566239573507004,NA,NA,1754566239811650033,NA
FunctionPointerExchangeJustExec,Exception,1754566239811651220,NA,NA,1754566240050345063,NA
FunctionPointerExchangeJustExec,Exception,1754566240050345809,NA,NA,1754566240288254927,NA
FunctionPointerExchangeJustExec,Exception,1754566240288256562,NA,NA,1754566240524110782,NA
FunctionPointerExchangeJustExec,Exception,1754566240524111187,NA,NA,1754566240762832497,NA
FunctionPointerExchangeJustExec,Exception,1754566240762833071,NA,NA,1754566240999883416,NA
FunctionPointerExchangeJustExec,Exception,1754566240999883874,NA,NA,1754566241238830345,NA
FunctionPointerExchangeJustExec,Exception,1754566241238831114,NA,NA,1754566241475274589,NA
FunctionPointerExchangeJustExec,Exception,1754566241475276048,NA,NA,1754566241711993642,NA
FunctionPointerExchangeJustExec,Exception,1754566241711994546,NA,NA,1754566241949232754,NA
FunctionPointerExchangeJustExec,Exception,1754566241949233802,NA,NA,1754566242186834689,NA
FunctionPointerExchangeJustExec,Exception,1754566242186842399,NA,NA,1754566242424253406,NA
FunctionPointerExchangeJustExec,Exception,1754566242424255393,NA,NA,1754566242660956269,NA
FunctionPointerExchangeJustExec,Exception,1754566242660957371,NA,NA,1754566242899740864,NA
FunctionPointerExchangeJustExec,Exception,1754566242899741559,NA,NA,1754566243134677161,NA
FunctionPointerExchangeJustExec,Exception,1754566243134677938,NA,NA,1754566243370499496,NA
FunctionPointerExchangeJustExec,Exception,1754566243370500940,NA,NA,1754566243608851993,NA
FunctionPointerExchangeJustExec,Exception,1754566243608852514,NA,NA,1754566243845710826,NA
FunctionPointerExchangeJustExec,Exception,1754566243845711318,NA,NA,1754566244082903598,NA
FunctionPointerExchangeJustExec,Exception,1754566244082904323,NA,NA,1754566244320385643,NA
FunctionPointerExchangeJustExec,Exception,1754566244320387101,NA,NA,1754566244558237567,NA
FunctionPointerExchangeJustExec,Exception,1754566244558238670,NA,NA,1754566244794838700,NA
FunctionPointerExchangeJustExec,Exception,1754566244794839546,NA,NA,1754566245031489519,NA
FunctionPointerExchangeJustExec,Exception,1754566245031489778,NA,NA,1754566245268629083,NA
FunctionPointerExchangeJustExec,Exception,1754566245268630118,NA,NA,1754566245505666043,NA
FunctionPointerExchangeJustExec,Exception,1754566245505666505,NA,NA,1754566245745459900,NA
FunctionPointerExchangeJustExec,Exception,1754566245745460493,NA,NA,1754566245982395568,NA
FunctionPointerExchangeJustExec,Exception,1754566245982396080,NA,NA,1754566246220979967,NA
FunctionPointerExchangeJustExec,Exception,1754566246220981212,NA,NA,1754566246459313767,NA
FunctionPointerExchangeJustExec,Exception,1754566246459314570,NA,NA,1754566246699904012,NA
FunctionPointerExchangeJustExec,Exception,1754566246699918777,NA,NA,1754566246937890083,NA
FunctionPointerExchangeJustExec,Exception,1754566246937890514,NA,NA,1754566247175718464,NA
FunctionPointerExchangeJustExec,Exception,1754566247175719635,NA,NA,1754566247413823768,NA
FunctionPointerExchangeJustExec,Exception,1754566247413824736,NA,NA,1754566247650540374,NA
FunctionPointerExchangeJustExec,Exception,1754566247650541287,NA,NA,1754566247888588425,NA
FunctionPointerExchangeJustExec,Exception,1754566247888593363,NA,NA,1754566248123423540,NA
FunctionPointerExchangeJustExec,Exception,1754566248123424236,NA,NA,1754566248359761368,NA
FunctionPointerExchangeJustExec,Exception,1754566248359765276,NA,NA,1754566248596972094,NA
FunctionPointerExchangeJustExec,Exception,1754566248596972390,NA,NA,1754566248835185156,NA
FunctionPointerExchangeJustExec,Exception,1754566248835185559,NA,NA,1754566249073230259,NA
FunctionPointerExchangeJustExec,Exception,1754566249073230609,NA,NA,1754566249309713883,NA
FunctionPointerExchangeJustExec,Exception,1754566249309716682,NA,NA,1754566249548744314,NA
FunctionPointerExchangeJustExec,Exception,1754566249548745439,NA,NA,1754566249785793386,NA
FunctionPointerExchangeJustExec,Exception,1754566249785794104,NA,NA,1754566250024240631,NA
FunctionPointerExchangeJustExec,Exception,1754566250024241762,NA,NA,1754566250267444106,NA
FunctionPointerExchangeJustExec,Exception,1754566250267450982,NA,NA,1754566250504866654,NA
FunctionPointerExchangeJustExec,Exception,1754566250504867665,NA,NA,1754566250745268770,NA
FunctionPointerExchangeJustExec,Exception,1754566250745269770,NA,NA,1754566250980956635,NA
FunctionPointerExchangeJustExec,Exception,1754566250980957610,NA,NA,1754566251227032538,NA
FunctionPointerExchangeJustExec,Exception,1754566251227038297,NA,NA,1754566251479197948,NA
FunctionPointerExchangeJustExec,Exception,1754566251479206956,NA,NA,1754566251727951172,NA
FunctionPointerExchangeJustExec,Exception,1754566251727954200,NA,NA,1754566251965592809,NA
FunctionPointerExchangeJustExec,Exception,1754566251965597145,NA,NA,1754566252205803540,NA
FunctionPointerExchangeJustExec,Exception,1754566252205806371,NA,NA,1754566252443908206,NA
FunctionPointerExchangeJustExec,Exception,1754566252443911746,NA,NA,1754566252681580922,NA
FunctionPointerExchangeJustExec,Exception,1754566252681590382,NA,NA,1754566252918874321,NA
FunctionPointerExchangeJustExec,Exception,1754566252918875521,NA,NA,1754566253157883623,NA
FunctionPointerExchangeJustExec,Exception,1754566253157884537,NA,NA,1754566253394972376,NA
FunctionPointerExchangeJustExec,Exception,1754566253394975600,NA,NA,1754566253631313958,NA
FunctionPointerExchangeJustExec,Exception,1754566253631314764,NA,NA,1754566253869530799,NA
FunctionPointerExchangeJustExec,Exception,1754566253869532233,NA,NA,1754566254105745429,NA
FunctionPointerExchangeJustExec,Exception,1754566254105746708,NA,NA,1754566254340717132,NA
FunctionPointerExchangeJustExec,Exception,1754566254340719520,NA,NA,1754566254579804542,NA
FunctionPointerExchangeJustExec,Exception,1754566254579805048,NA,NA,1754566254817312032,NA
FunctionPointerExchangeJustExec,Exception,1754566254817312300,NA,NA,1754566255054145673,NA
FunctionPointerExchangeJustExec,Exception,1754566255054145911,NA,NA,1754566255293625855,NA
FunctionPointerExchangeJustExec,Exception,1754566255293626390,NA,NA,1754566255530932123,NA
FunctionPointerExchangeJustExec,Exception,1754566255530933318,NA,NA,1754566255769478694,NA
FunctionPointerExchangeJustExec,Exception,1754566255769479500,NA,NA,1754566256006125857,NA
FunctionPointerExchangeJustExec,Exception,1754566256006126923,NA,NA,1754566256242378545,NA
FunctionPointerExchangeJustExec,Exception,1754566256242388360,NA,NA,1754566256479173134,NA
FunctionPointerExchangeDifferentCompUnit,ErrorReturn,1754566256479205804,NA,NA,1754566256719305835,NA
FunctionPointerExchangeDifferentCompUnit,ErrorReturn,1754566256719310226,NA,NA,1754566256964788500,NA
FunctionPointerExchangeDifferentCompUnit,ErrorReturn,1754566256964789296,NA,NA,1754566257203358790,NA
FunctionPointerExchangeDifferentCompUnit,ErrorReturn,1754566257203360498,NA,NA,1754566257447094774,NA
FunctionPointerExchangeDifferentCompUnit,ErrorReturn,1754566257447096932,NA,NA,1754566257692018830,NA
FunctionPointerExchangeDifferentCompUnit,ErrorReturn,1754566257692019713,NA,NA,1754566257933619432,NA
FunctionPointerExchangeDifferentCompUnit,ErrorReturn,1754566257933619681,NA,NA,1754566258179580811,NA
FunctionPointerExchangeDifferentCompUnit,ErrorReturn,1754566258179581643,NA,NA,1754566258424035122,NA
FunctionPointerExchangeDifferentCompUnit,ErrorReturn,1754566258424037352,NA,NA,1754566258666183879,NA
FunctionPointerExchangeDifferentCompUnit,ErrorReturn,1754566258666185085,NA,NA,1754566258909519193,NA
FunctionPointerExchangeDifferentCompUnit,ErrorReturn,1754566258909519997,NA,NA,1754566259147353468,NA
FunctionPointerExchangeDifferentCompUnit,ErrorReturn,1754566259147353941,NA,NA,1754566259385441380,NA
FunctionPointerExchangeDifferentCompUnit,ErrorReturn,1754566259385443189,NA,NA,1754566259624432869,NA
FunctionPointerExchangeDifferentCompUnit,ErrorReturn,1754566259624434481,NA,NA,1754566259862383291,NA
FunctionPointerExchangeDifferentCompUnit,ErrorReturn,1754566259862383567,NA,NA,1754566260099593248,NA
FunctionPointerExchangeDifferentCompUnit,ErrorReturn,1754566260099594171,NA,NA,1754566260335222580,NA
FunctionPointerExchangeDifferentCompUnit,ErrorReturn,1754566260335225236,NA,NA,1754566260573338970,NA
FunctionPointerExchangeDifferentCompUnit,ErrorReturn,1754566260573354090,NA,NA,1754566260813025535,NA
FunctionPointerExchangeDifferentCompUnit,ErrorReturn,1754566260813027561,NA,NA,1754566261047708108,NA
FunctionPointerExchangeDifferentCompUnit,ErrorReturn,1754566261047711096,NA,NA,1754566261282992440,NA
FunctionPointerExchangeDifferentCompUnit,ErrorReturn,1754566261282995869,NA,NA,1754566261517703536,NA
FunctionPointerExchangeDifferentCompUnit,ErrorReturn,1754566261517706974,NA,NA,1754566261755207204,NA
FunctionPointerExchangeDifferentCompUnit,ErrorReturn,1754566261755210671,NA,NA,1754566261993378503,NA
FunctionPointerExchangeDifferentCompUnit,ErrorReturn,1754566261993381354,NA,NA,1754566262230687366,NA
FunctionPointerExchangeDifferentCompUnit,ErrorReturn,1754566262230692976,NA,NA,1754566262490021892,NA
FunctionPointerExchangeDifferentCompUnit,ErrorReturn,1754566262490028699,NA,NA,1754566262729380390,NA
FunctionPointerExchangeDifferentCompUnit,ErrorReturn,1754566262729381883,NA,NA,1754566262971215204,NA
FunctionPointerExchangeDifferentCompUnit,ErrorReturn,1754566262971216811,NA,NA,1754566263212208718,NA
FunctionPointerExchangeDifferentCompUnit,ErrorReturn,1754566263212211546,NA,NA,1754566263450079209,NA
FunctionPointerExchangeDifferentCompUnit,ErrorReturn,1754566263450082805,NA,NA,1754566263690809012,NA
FunctionPointerExchangeDifferentCompUnit,ErrorReturn,1754566263690811327,NA,NA,1754566263933352016,NA
FunctionPointerExchangeDifferentCompUnit,ErrorReturn,1754566263933354118,NA,NA,1754566264177682171,NA
FunctionPointerExchangeDifferentCompUnit,ErrorReturn,1754566264177684640,NA,NA,1754566264418267912,NA
FunctionPointerExchangeDifferentCompUnit,ErrorReturn,1754566264418272239,NA,NA,1754566264658134717,NA
FunctionPointerExchangeDifferentCompUnit,ErrorReturn,1754566264658136006,NA,NA,1754566264897224790,NA
FunctionPointerExchangeDifferentCompUnit,ErrorReturn,1754566264897234708,NA,NA,1754566265134182978,NA
FunctionPointerExchangeDifferentCompUnit,ErrorReturn,1754566265134183753,NA,NA,1754566265370633993,NA
FunctionPointerExchangeDifferentCompUnit,ErrorReturn,1754566265370636548,NA,NA,1754566265614668216,NA
FunctionPointerExchangeDifferentCompUnit,ErrorReturn,1754566265614673011,NA,NA,1754566265852905210,NA
FunctionPointerExchangeDifferentCompUnit,ErrorReturn,1754566265852909750,NA,NA,1754566266087554695,NA
FunctionPointerExchangeDifferentCompUnit,ErrorReturn,1754566266087557305,NA,NA,1754566266334458956,NA
FunctionPointerExchangeDifferentCompUnit,ErrorReturn,1754566266334461985,NA,NA,1754566266585702817,NA
FunctionPointerExchangeDifferentCompUnit,ErrorReturn,1754566266585708906,NA,NA,1754566266833065921,NA
FunctionPointerExchangeDifferentCompUnit,ErrorReturn,1754566266833068873,NA,NA,1754566267073687553,NA
FunctionPointerExchangeDifferentCompUnit,ErrorReturn,1754566267073689265,NA,NA,1754566267313179510,NA
FunctionPointerExchangeDifferentCompUnit,ErrorReturn,1754566267313185423,NA,NA,1754566267560954353,NA
FunctionPointerExchangeDifferentCompUnit,ErrorReturn,1754566267560962730,NA,NA,1754566267814010687,NA
FunctionPointerExchangeDifferentCompUnit,ErrorReturn,1754566267814015393,NA,NA,1754566268069419407,NA
FunctionPointerExchangeDifferentCompUnit,ErrorReturn,1754566268069421788,NA,NA,1754566268323812026,NA
FunctionPointerExchangeDifferentCompUnit,ErrorReturn,1754566268323818908,NA,NA,1754566268569781490,NA
FunctionPointerExchangeDifferentCompUnit,ErrorReturn,1754566268569786473,NA,NA,1754566268808614281,NA
FunctionPointerExchangeDifferentCompUnit,ErrorReturn,1754566268808617963,NA,NA,1754566269051270439,NA
FunctionPointerExchangeDifferentCompUnit,ErrorReturn,1754566269051272987,NA,NA,1754566269305063655,NA
FunctionPointerExchangeDifferentCompUnit,ErrorReturn,1754566269305074698,NA,NA,1754566269551700314,NA
FunctionPointerExchangeDifferentCompUnit,ErrorReturn,1754566269551704001,NA,NA,1754566269797277312,NA
FunctionPointerExchangeDifferentCompUnit,ErrorReturn,1754566269797282755,NA,NA,1754566270047054705,NA
FunctionPointerExchangeDifferentCompUnit,ErrorReturn,1754566270047055923,NA,NA,1754566270293090290,NA
FunctionPointerExchangeDifferentCompUnit,ErrorReturn,1754566270293094884,NA,NA,1754566270540546248,NA
FunctionPointerExchangeDifferentCompUnit,ErrorReturn,1754566270540550817,NA,NA,1754566270792039776,NA
FunctionPointerExchangeDifferentCompUnit,ErrorReturn,1754566270792048199,NA,NA,1754566271040250964,NA
FunctionPointerExchangeDifferentCompUnit,ErrorReturn,1754566271040255380,NA,NA,1754566271289732610,NA
FunctionPointerExchangeDifferentCompUnit,ErrorReturn,1754566271289736629,NA,NA,1754566271537568811,NA
FunctionPointerExchangeDifferentCompUnit,ErrorReturn,1754566271537571640,NA,NA,1754566271784043384,NA
FunctionPointerExchangeDifferentCompUnit,ErrorReturn,1754566271784047267,NA,NA,1754566272031044188,NA
FunctionPointerExchangeDifferentCompUnit,ErrorReturn,1754566272031046512,NA,NA,1754566272278785668,NA
FunctionPointerExchangeDifferentCompUnit,ErrorReturn,1754566272278789525,NA,NA,1754566272529726083,NA
FunctionPointerExchangeDifferentCompUnit,ErrorReturn,1754566272529728965,NA,NA,1754566272781098932,NA
FunctionPointerExchangeDifferentCompUnit,ErrorReturn,1754566272781104196,NA,NA,1754566273036045672,NA
FunctionPointerExchangeDifferentCompUnit,ErrorReturn,1754566273036048023,NA,NA,1754566273289111801,NA
FunctionPointerExchangeDifferentCompUnit,ErrorReturn,1754566273289114916,NA,NA,1754566273543492591,NA
FunctionPointerExchangeDifferentCompUnit,ErrorReturn,1754566273543495501,NA,NA,1754566273798273926,NA
FunctionPointerExchangeDifferentCompUnit,ErrorReturn,1754566273798277424,NA,NA,1754566274048130831,NA
FunctionPointerExchangeDifferentCompUnit,ErrorReturn,1754566274048137215,NA,NA,1754566274300162900,NA
FunctionPointerExchangeDifferentCompUnit,ErrorReturn,1754566274300165841,NA,NA,1754566274555369881,NA
FunctionPointerExchangeDifferentCompUnit,ErrorReturn,1754566274555372313,NA,NA,1754566274813718723,NA
FunctionPointerExchangeDifferentCompUnit,ErrorReturn,1754566274813725372,NA,NA,1754566275060619122,NA
FunctionPointerExchangeDifferentCompUnit,ErrorReturn,1754566275060619954,NA,NA,1754566275308928813,NA
FunctionPointerExchangeDifferentCompUnit,ErrorReturn,1754566275308931333,NA,NA,1754566275546908642,NA
FunctionPointerExchangeDifferentCompUnit,ErrorReturn,1754566275546912811,NA,NA,1754566275802704515,NA
FunctionPointerExchangeDifferentCompUnit,ErrorReturn,1754566275802710253,NA,NA,1754566276060223408,NA
FunctionPointerExchangeDifferentCompUnit,ErrorReturn,1754566276060225655,NA,NA,1754566276309015105,NA
FunctionPointerExchangeDifferentCompUnit,ErrorReturn,1754566276309016878,NA,NA,1754566276558939310,NA
FunctionPointerExchangeDifferentCompUnit,ErrorReturn,1754566276558942043,NA,NA,1754566276810742403,NA
FunctionPointerExchangeDifferentCompUnit,ErrorReturn,1754566276810747989,NA,NA,1754566277063076813,NA
FunctionPointerExchangeDifferentCompUnit,ErrorReturn,1754566277063078766,NA,NA,1754566277318796975,NA
FunctionPointerExchangeDifferentCompUnit,ErrorReturn,1754566277318798759,NA,NA,1754566277573285983,NA
FunctionPointerExchangeDifferentCompUnit,ErrorReturn,1754566277573289917,NA,NA,1754566277825266633,NA
FunctionPointerExchangeDifferentCompUnit,ErrorReturn,1754566277825269127,NA,NA,1754566278073953806,NA
FunctionPointerExchangeDifferentCompUnit,ErrorReturn,1754566278073956842,NA,NA,1754566278322679656,NA
FunctionPointerExchangeDifferentCompUnit,ErrorReturn,1754566278322683657,NA,NA,1754566278574624410,NA
FunctionPointerExchangeDifferentCompUnit,ErrorReturn,1754566278574634118,NA,NA,1754566278822188882,NA
FunctionPointerExchangeDifferentCompUnit,ErrorReturn,1754566278822190450,NA,NA,1754566279079307363,NA
FunctionPointerExchangeDifferentCompUnit,ErrorReturn,1754566279079312193,NA,NA,1754566279333262195,NA
FunctionPointerExchangeDifferentCompUnit,ErrorReturn,1754566279333264087,NA,NA,1754566279587615185,NA
FunctionPointerExchangeDifferentCompUnit,ErrorReturn,1754566279587620904,NA,NA,1754566279841114240,NA
FunctionPointerExchangeDifferentCompUnit,ErrorReturn,1754566279841119684,NA,NA,1754566280093264365,NA
FunctionPointerExchangeDifferentCompUnit,ErrorReturn,1754566280093268416,NA,NA,1754566280343591543,NA
FunctionPointerExchangeDifferentCompUnit,ErrorReturn,1754566280343594263,NA,NA,1754566280591491892,NA
FunctionPointerExchangeDifferentCompUnit,ErrorReturn,1754566280591495305,NA,NA,1754566280843508692,NA
FunctionPointerExchangeDifferentCompUnit,ErrorReturn,1754566280843513734,NA,NA,1754566281093944328,NA
FunctionPointerExchangeDifferentCompUnit,Exception,1754566281093961236,NA,NA,1754566281344462499,NA
FunctionPointerExchangeDifferentCompUnit,Exception,1754566281344466134,NA,NA,1754566281620701015,NA
FunctionPointerExchangeDifferentCompUnit,Exception,1754566281620703591,NA,NA,1754566281871439652,NA
FunctionPointerExchangeDifferentCompUnit,Exception,1754566281871442055,NA,NA,1754566282125195979,NA
FunctionPointerExchangeDifferentCompUnit,Exception,1754566282125197495,NA,NA,1754566282378985209,NA
FunctionPointerExchangeDifferentCompUnit,Exception,1754566282378986778,NA,NA,1754566282631792740,NA
FunctionPointerExchangeDifferentCompUnit,Exception,1754566282631794242,NA,NA,1754566282884110262,NA
FunctionPointerExchangeDifferentCompUnit,Exception,1754566282884111321,NA,NA,1754566283138938278,NA
FunctionPointerExchangeDifferentCompUnit,Exception,1754566283138945573,NA,NA,1754566283390881032,NA
FunctionPointerExchangeDifferentCompUnit,Exception,1754566283390883075,NA,NA,1754566283641815114,NA
FunctionPointerExchangeDifferentCompUnit,Exception,1754566283641816627,NA,NA,1754566283899519889,NA
FunctionPointerExchangeDifferentCompUnit,Exception,1754566283899521779,NA,NA,1754566284165325511,NA
FunctionPointerExchangeDifferentCompUnit,Exception,1754566284165327141,NA,NA,1754566284411438960,NA
FunctionPointerExchangeDifferentCompUnit,Exception,1754566284411442257,NA,NA,1754566284653062714,NA
FunctionPointerExchangeDifferentCompUnit,Exception,1754566284653063478,NA,NA,1754566284893560005,NA
FunctionPointerExchangeDifferentCompUnit,Exception,1754566284893562726,NA,NA,1754566285149972807,NA
FunctionPointerExchangeDifferentCompUnit,Exception,1754566285149974685,NA,NA,1754566285399195670,NA
FunctionPointerExchangeDifferentCompUnit,Exception,1754566285399198893,NA,NA,1754566285649877692,NA
FunctionPointerExchangeDifferentCompUnit,Exception,1754566285649880283,NA,NA,1754566285908369307,NA
FunctionPointerExchangeDifferentCompUnit,Exception,1754566285908371794,NA,NA,1754566286160868727,NA
FunctionPointerExchangeDifferentCompUnit,Exception,1754566286160870739,NA,NA,1754566286414666314,NA
FunctionPointerExchangeDifferentCompUnit,Exception,1754566286414671680,NA,NA,1754566286663081415,NA
FunctionPointerExchangeDifferentCompUnit,Exception,1754566286663083700,NA,NA,1754566286922201131,NA
FunctionPointerExchangeDifferentCompUnit,Exception,1754566286922206853,NA,NA,1754566287175522998,NA
FunctionPointerExchangeDifferentCompUnit,Exception,1754566287175524161,NA,NA,1754566287424300613,NA
FunctionPointerExchangeDifferentCompUnit,Exception,1754566287424301961,NA,NA,1754566287676841649,NA
FunctionPointerExchangeDifferentCompUnit,Exception,1754566287676852278,NA,NA,1754566287923499232,NA
FunctionPointerExchangeDifferentCompUnit,Exception,1754566287923502953,NA,NA,1754566288177136664,NA
FunctionPointerExchangeDifferentCompUnit,Exception,1754566288177142858,NA,NA,1754566288427036992,NA
FunctionPointerExchangeDifferentCompUnit,Exception,1754566288427041060,NA,NA,1754566288680153188,NA
FunctionPointerExchangeDifferentCompUnit,Exception,1754566288680158823,NA,NA,1754566288926885776,NA
FunctionPointerExchangeDifferentCompUnit,Exception,1754566288926892218,NA,NA,1754566289174191500,NA
FunctionPointerExchangeDifferentCompUnit,Exception,1754566289174193812,NA,NA,1754566289418778887,NA
FunctionPointerExchangeDifferentCompUnit,Exception,1754566289418781406,NA,NA,1754566289662253594,NA
FunctionPointerExchangeDifferentCompUnit,Exception,1754566289662255622,NA,NA,1754566289915743842,NA
FunctionPointerExchangeDifferentCompUnit,Exception,1754566289915746718,NA,NA,1754566290157470384,NA
FunctionPointerExchangeDifferentCompUnit,Exception,1754566290157472072,NA,NA,1754566290402349118,NA
FunctionPointerExchangeDifferentCompUnit,Exception,1754566290402351322,NA,NA,1754566290655809992,NA
FunctionPointerExchangeDifferentCompUnit,Exception,1754566290655811810,NA,NA,1754566290892857995,NA
FunctionPointerExchangeDifferentCompUnit,Exception,1754566290892859327,NA,NA,1754566291142536628,NA
FunctionPointerExchangeDifferentCompUnit,Exception,1754566291142538398,NA,NA,1754566291378217987,NA
FunctionPointerExchangeDifferentCompUnit,Exception,1754566291378219319,NA,NA,1754566291625808940,NA
FunctionPointerExchangeDifferentCompUnit,Exception,1754566291625809660,NA,NA,1754566291874303497,NA
FunctionPointerExchangeDifferentCompUnit,Exception,1754566291874306512,NA,NA,1754566292127895638,NA
FunctionPointerExchangeDifferentCompUnit,Exception,1754566292127904957,NA,NA,1754566292379832812,NA
FunctionPointerExchangeDifferentCompUnit,Exception,1754566292379835812,NA,NA,1754566292628373016,NA
FunctionPointerExchangeDifferentCompUnit,Exception,1754566292628379346,NA,NA,1754566292879431318,NA
FunctionPointerExchangeDifferentCompUnit,Exception,1754566292879439151,NA,NA,1754566293133606416,NA
FunctionPointerExchangeDifferentCompUnit,Exception,1754566293133609329,NA,NA,1754566293385076378,NA
FunctionPointerExchangeDifferentCompUnit,Exception,1754566293385082597,NA,NA,1754566293637552637,NA
FunctionPointerExchangeDifferentCompUnit,Exception,1754566293637556305,NA,NA,1754566293890698655,NA
FunctionPointerExchangeDifferentCompUnit,Exception,1754566293890700457,NA,NA,1754566294148665214,NA
FunctionPointerExchangeDifferentCompUnit,Exception,1754566294148666717,NA,NA,1754566294407029742,NA
FunctionPointerExchangeDifferentCompUnit,Exception,1754566294407035427,NA,NA,1754566294662090906,NA
FunctionPointerExchangeDifferentCompUnit,Exception,1754566294662093616,NA,NA,1754566294924092937,NA
FunctionPointerExchangeDifferentCompUnit,Exception,1754566294924096286,NA,NA,1754566295174577701,NA
FunctionPointerExchangeDifferentCompUnit,Exception,1754566295174583265,NA,NA,1754566295430779278,NA
FunctionPointerExchangeDifferentCompUnit,Exception,1754566295430781583,NA,NA,1754566295687053542,NA
FunctionPointerExchangeDifferentCompUnit,Exception,1754566295687056547,NA,NA,1754566295942470797,NA
FunctionPointerExchangeDifferentCompUnit,Exception,1754566295942474190,NA,NA,1754566296194395290,NA
FunctionPointerExchangeDifferentCompUnit,Exception,1754566296194399601,NA,NA,1754566296443787356,NA
FunctionPointerExchangeDifferentCompUnit,Exception,1754566296443788399,NA,NA,1754566296697996409,NA
FunctionPointerExchangeDifferentCompUnit,Exception,1754566296698001752,NA,NA,1754566296952902597,NA
FunctionPointerExchangeDifferentCompUnit,Exception,1754566296952913727,NA,NA,1754566297203378231,NA
FunctionPointerExchangeDifferentCompUnit,Exception,1754566297203381372,NA,NA,1754566297470635339,NA
FunctionPointerExchangeDifferentCompUnit,Exception,1754566297470642544,NA,NA,1754566297723753435,NA
FunctionPointerExchangeDifferentCompUnit,Exception,1754566297723757567,NA,NA,1754566297966877562,NA
FunctionPointerExchangeDifferentCompUnit,Exception,1754566297966880311,NA,NA,1754566298214587890,NA
FunctionPointerExchangeDifferentCompUnit,Exception,1754566298214591411,NA,NA,1754566298452386013,NA
FunctionPointerExchangeDifferentCompUnit,Exception,1754566298452392745,NA,NA,1754566298689236335,NA
FunctionPointerExchangeDifferentCompUnit,Exception,1754566298689237425,NA,NA,1754566298932648294,NA
FunctionPointerExchangeDifferentCompUnit,Exception,1754566298932650712,NA,NA,1754566299171955976,NA
FunctionPointerExchangeDifferentCompUnit,Exception,1754566299171957336,NA,NA,1754566299410070729,NA
FunctionPointerExchangeDifferentCompUnit,Exception,1754566299410076119,NA,NA,1754566299646002264,NA
FunctionPointerExchangeDifferentCompUnit,Exception,1754566299646005512,NA,NA,1754566299895331724,NA
FunctionPointerExchangeDifferentCompUnit,Exception,1754566299895333712,NA,NA,1754566300144384186,NA
FunctionPointerExchangeDifferentCompUnit,Exception,1754566300144385890,NA,NA,1754566300392354056,NA
FunctionPointerExchangeDifferentCompUnit,Exception,1754566300392357679,NA,NA,1754566300635483732,NA
FunctionPointerExchangeDifferentCompUnit,Exception,1754566300635486784,NA,NA,1754566300877838017,NA
FunctionPointerExchangeDifferentCompUnit,Exception,1754566300877841791,NA,NA,1754566301118709381,NA
FunctionPointerExchangeDifferentCompUnit,Exception,1754566301118712155,NA,NA,1754566301353893591,NA
FunctionPointerExchangeDifferentCompUnit,Exception,1754566301353907695,NA,NA,1754566301589592700,NA
FunctionPointerExchangeDifferentCompUnit,Exception,1754566301589594158,NA,NA,1754566301840108924,NA
FunctionPointerExchangeDifferentCompUnit,Exception,1754566301840111706,NA,NA,1754566302083163994,NA
FunctionPointerExchangeDifferentCompUnit,Exception,1754566302083165115,NA,NA,1754566302338236680,NA
FunctionPointerExchangeDifferentCompUnit,Exception,1754566302338242944,NA,NA,1754566302597363353,NA
FunctionPointerExchangeDifferentCompUnit,Exception,1754566302597364165,NA,NA,1754566302845723691,NA
FunctionPointerExchangeDifferentCompUnit,Exception,1754566302845725473,NA,NA,1754566303092999857,NA
FunctionPointerExchangeDifferentCompUnit,Exception,1754566303093000761,NA,NA,1754566303331796805,NA
FunctionPointerExchangeDifferentCompUnit,Exception,1754566303331797977,NA,NA,1754566303572973713,NA
FunctionPointerExchangeDifferentCompUnit,Exception,1754566303572974831,NA,NA,1754566303816456608,NA
FunctionPointerExchangeDifferentCompUnit,Exception,1754566303816463135,NA,NA,1754566304059597680,NA
FunctionPointerExchangeDifferentCompUnit,Exception,1754566304059600319,NA,NA,1754566304301471510,NA
FunctionPointerExchangeDifferentCompUnit,Exception,1754566304301473558,NA,NA,1754566304543669376,NA
FunctionPointerExchangeDifferentCompUnit,Exception,1754566304543676449,NA,NA,1754566304787177048,NA
FunctionPointerExchangeDifferentCompUnit,Exception,1754566304787178412,NA,NA,1754566305026303165,NA
FunctionPointerExchangeDifferentCompUnit,Exception,1754566305026305363,NA,NA,1754566305266554729,NA
FunctionPointerExchangeDifferentCompUnit,Exception,1754566305266557184,NA,NA,1754566305514473206,NA
FunctionPointerExchangeDifferentCompUnit,Exception,1754566305514474761,NA,NA,1754566305763172359,NA
FunctionPointerExchangeDifferentCompUnit,Exception,1754566305763178906,NA,NA,1754566305999903598,NA
FunctionPointerExchangeCallConv,ErrorReturn,1754566305999928024,NA,NA,1754566306248094083,NA
FunctionPointerExchangeCallConv,ErrorReturn,1754566306248095185,NA,NA,1754566306495509582,NA
FunctionPointerExchangeCallConv,ErrorReturn,1754566306495511903,NA,NA,1754566306739167525,NA
FunctionPointerExchangeCallConv,ErrorReturn,1754566306739172475,NA,NA,1754566306989101075,NA
FunctionPointerExchangeCallConv,ErrorReturn,1754566306989106797,NA,NA,1754566307236133138,NA
FunctionPointerExchangeCallConv,ErrorReturn,1754566307236134219,NA,NA,1754566307488803097,NA
FunctionPointerExchangeCallConv,ErrorReturn,1754566307488806435,NA,NA,1754566307742254039,NA
FunctionPointerExchangeCallConv,ErrorReturn,1754566307742255223,NA,NA,1754566308000916447,NA
FunctionPointerExchangeCallConv,ErrorReturn,1754566308000919311,NA,NA,1754566308256738912,NA
FunctionPointerExchangeCallConv,ErrorReturn,1754566308256740633,NA,NA,1754566308515867291,NA
FunctionPointerExchangeCallConv,ErrorReturn,1754566308515869615,NA,NA,1754566308775843463,NA
FunctionPointerExchangeCallConv,ErrorReturn,1754566308775845860,NA,NA,1754566309031700129,NA
FunctionPointerExchangeCallConv,ErrorReturn,1754566309031705810,NA,NA,1754566309291159514,NA
FunctionPointerExchangeCallConv,ErrorReturn,1754566309291160900,NA,NA,1754566309553640600,NA
FunctionPointerExchangeCallConv,ErrorReturn,1754566309553641572,NA,NA,1754566309813182078,NA
FunctionPointerExchangeCallConv,ErrorReturn,1754566309813183569,NA,NA,1754566310067484778,NA
FunctionPointerExchangeCallConv,ErrorReturn,1754566310067485496,NA,NA,1754566310322366158,NA
FunctionPointerExchangeCallConv,ErrorReturn,1754566310322367289,NA,NA,1754566310576528772,NA
FunctionPointerExchangeCallConv,ErrorReturn,1754566310576530508,NA,NA,1754566310832947468,NA
FunctionPointerExchangeCallConv,ErrorReturn,1754566310832953518,NA,NA,1754566311087533205,NA
FunctionPointerExchangeCallConv,ErrorReturn,1754566311087536346,NA,NA,1754566311340130321,NA
FunctionPointerExchangeCallConv,ErrorReturn,1754566311340133297,NA,NA,1754566311595838545,NA
FunctionPointerExchangeCallConv,ErrorReturn,1754566311595841003,NA,NA,1754566311848308204,NA
FunctionPointerExchangeCallConv,ErrorReturn,1754566311848309968,NA,NA,1754566312102377448,NA
FunctionPointerExchangeCallConv,ErrorReturn,1754566312102377970,NA,NA,1754566312356402323,NA
FunctionPointerExchangeCallConv,ErrorReturn,1754566312356405447,NA,NA,1754566312617371341,NA
FunctionPointerExchangeCallConv,ErrorReturn,1754566312617376617,NA,NA,1754566312875539039,NA
FunctionPointerExchangeCallConv,ErrorReturn,1754566312875544833,NA,NA,1754566313129655667,NA
FunctionPointerExchangeCallConv,ErrorReturn,1754566313129657816,NA,NA,1754566313376776735,NA
FunctionPointerExchangeCallConv,ErrorReturn,1754566313376780095,NA,NA,1754566313627268614,NA
FunctionPointerExchangeCallConv,ErrorReturn,1754566313627269750,NA,NA,1754566313880622340,NA
FunctionPointerExchangeCallConv,ErrorReturn,1754566313880624290,NA,NA,1754566314133593676,NA
FunctionPointerExchangeCallConv,ErrorReturn,1754566314133595745,NA,NA,1754566314380096980,NA
FunctionPointerExchangeCallConv,ErrorReturn,1754566314380102686,NA,NA,1754566314628474712,NA
FunctionPointerExchangeCallConv,ErrorReturn,1754566314628476064,NA,NA,1754566314874890578,NA
FunctionPointerExchangeCallConv,ErrorReturn,1754566314874891054,NA,NA,1754566315160257044,NA
FunctionPointerExchangeCallConv,ErrorReturn,1754566315160258494,NA,NA,1754566315403863953,NA
FunctionPointerExchangeCallConv,ErrorReturn,1754566315403864811,NA,NA,1754566315652540806,NA
FunctionPointerExchangeCallConv,ErrorReturn,1754566315652548780,NA,NA,1754566315895449265,NA
FunctionPointerExchangeCallConv,ErrorReturn,1754566315895451062,NA,NA,1754566316143275387,NA
FunctionPointerExchangeCallConv,ErrorReturn,1754566316143276130,NA,NA,1754566316391456679,NA
FunctionPointerExchangeCallConv,ErrorReturn,1754566316391457478,NA,NA,1754566316639867783,NA
FunctionPointerExchangeCallConv,ErrorReturn,1754566316639868217,NA,NA,1754566316890026294,NA
FunctionPointerExchangeCallConv,ErrorReturn,1754566316890027031,NA,NA,1754566317136274781,NA
FunctionPointerExchangeCallConv,ErrorReturn,1754566317136275900,NA,NA,1754566317382605598,NA
FunctionPointerExchangeCallConv,ErrorReturn,1754566317382607889,NA,NA,1754566317638342399,NA
FunctionPointerExchangeCallConv,ErrorReturn,1754566317638343484,NA,NA,1754566317890391786,NA
FunctionPointerExchangeCallConv,ErrorReturn,1754566317890392431,NA,NA,1754566318139843242,NA
FunctionPointerExchangeCallConv,ErrorReturn,1754566318139843900,NA,NA,1754566318385700637,NA
FunctionPointerExchangeCallConv,ErrorReturn,1754566318385702193,NA,NA,1754566318633636991,NA
FunctionPointerExchangeCallConv,ErrorReturn,1754566318633637335,NA,NA,1754566318882920609,NA
FunctionPointerExchangeCallConv,ErrorReturn,1754566318882921223,NA,NA,1754566319130376843,NA
FunctionPointerExchangeCallConv,ErrorReturn,1754566319130378235,NA,NA,1754566319374846888,NA
FunctionPointerExchangeCallConv,ErrorReturn,1754566319374848011,NA,NA,1754566319619370868,NA
FunctionPointerExchangeCallConv,ErrorReturn,1754566319619371199,NA,NA,1754566319866703394,NA
FunctionPointerExchangeCallConv,ErrorReturn,1754566319866704020,NA,NA,1754566320114198054,NA
FunctionPointerExchangeCallConv,ErrorReturn,1754566320114198999,NA,NA,1754566320361328612,NA
FunctionPointerExchangeCallConv,ErrorReturn,1754566320361330384,NA,NA,1754566320608735798,NA
FunctionPointerExchangeCallConv,ErrorReturn,1754566320608746337,NA,NA,1754566320890256013,NA
FunctionPointerExchangeCallConv,ErrorReturn,1754566320890260643,NA,NA,1754566321159677381,NA
FunctionPointerExchangeCallConv,ErrorReturn,1754566321159684454,NA,NA,1754566321417257085,NA
FunctionPointerExchangeCallConv,ErrorReturn,1754566321417261027,NA,NA,1754566321666187520,NA
FunctionPointerExchangeCallConv,ErrorReturn,1754566321666190125,NA,NA,1754566321911131099,NA
FunctionPointerExchangeCallConv,ErrorReturn,1754566321911137784,NA,NA,1754566322162102403,NA
FunctionPointerExchangeCallConv,ErrorReturn,1754566322162104814,NA,NA,1754566322408381808,NA
FunctionPointerExchangeCallConv,ErrorReturn,1754566322408383472,NA,NA,1754566322654866691,NA
FunctionPointerExchangeCallConv,ErrorReturn,1754566322654868116,NA,NA,1754566322904509659,NA
FunctionPointerExchangeCallConv,ErrorReturn,1754566322904510453,NA,NA,1754566323151221171,NA
FunctionPointerExchangeCallConv,ErrorReturn,1754566323151223251,NA,NA,1754566323399485211,NA
FunctionPointerExchangeCallConv,ErrorReturn,1754566323399488269,NA,NA,1754566323647037093,NA
FunctionPointerExchangeCallConv,ErrorReturn,1754566323647041109,NA,NA,1754566323894398900,NA
FunctionPointerExchangeCallConv,ErrorReturn,1754566323894401070,NA,NA,1754566324142442595,NA
FunctionPointerExchangeCallConv,ErrorReturn,1754566324142445175,NA,NA,1754566324393047402,NA
FunctionPointerExchangeCallConv,ErrorReturn,1754566324393050224,NA,NA,1754566324649006503,NA
FunctionPointerExchangeCallConv,ErrorReturn,1754566324649008462,NA,NA,1754566324905025719,NA
FunctionPointerExchangeCallConv,ErrorReturn,1754566324905031944,NA,NA,1754566325155169772,NA
FunctionPointerExchangeCallConv,ErrorReturn,1754566325155174652,NA,NA,1754566325404593577,NA
FunctionPointerExchangeCallConv,ErrorReturn,1754566325404599951,NA,NA,1754566325650073207,NA
FunctionPointerExchangeCallConv,ErrorReturn,1754566325650081378,NA,NA,1754566325894256722,NA
FunctionPointerExchangeCallConv,ErrorReturn,1754566325894259524,NA,NA,1754566326141615084,NA
FunctionPointerExchangeCallConv,ErrorReturn,1754566326141621921,NA,NA,1754566326387142894,NA
FunctionPointerExchangeCallConv,ErrorReturn,1754566326387144409,NA,NA,1754566326638309018,NA
FunctionPointerExchangeCallConv,ErrorReturn,1754566326638310843,NA,NA,1754566326885817437,NA
FunctionPointerExchangeCallConv,ErrorReturn,1754566326885818673,NA,NA,1754566327138988611,NA
FunctionPointerExchangeCallConv,ErrorReturn,1754566327138989760,NA,NA,1754566327394951075,NA
FunctionPointerExchangeCallConv,ErrorReturn,1754566327394956205,NA,NA,1754566327643344301,NA
FunctionPointerExchangeCallConv,ErrorReturn,1754566327643348591,NA,NA,1754566327893024185,NA
FunctionPointerExchangeCallConv,ErrorReturn,1754566327893028009,NA,NA,1754566328140462925,NA
FunctionPointerExchangeCallConv,ErrorReturn,1754566328140463850,NA,NA,1754566328384006951,NA
FunctionPointerExchangeCallConv,ErrorReturn,1754566328384009688,NA,NA,1754566328631116473,NA
FunctionPointerExchangeCallConv,ErrorReturn,1754566328631117088,NA,NA,1754566328877399793,NA
FunctionPointerExchangeCallConv,ErrorReturn,1754566328877401633,NA,NA,1754566329125819385,NA
FunctionPointerExchangeCallConv,ErrorReturn,1754566329125820918,NA,NA,1754566329369362666,NA
FunctionPointerExchangeCallConv,ErrorReturn,1754566329369365213,NA,NA,1754566329618069452,NA
FunctionPointerExchangeCallConv,ErrorReturn,1754566329618070714,NA,NA,1754566329866198233,NA
FunctionPointerExchangeCallConv,ErrorReturn,1754566329866200514,NA,NA,1754566330112610055,NA
FunctionPointerExchangeCallConv,ErrorReturn,1754566330112610813,NA,NA,1754566330356709951,NA
FunctionPointerExchangeCallConv,ErrorReturn,1754566330356735096,NA,NA,1754566330607458815,NA
FunctionPointerExchangeCallConv,ErrorReturn,1754566330607463149,NA,NA,1754566330862997519,NA
FunctionPointerExchangeCallConv,ErrorReturn,1754566330863004184,NA,NA,1754566331127206346,NA
Interval,ErrorReturn,1754566331127225267,NA,NA,1754566331368042485,NA
Interval,ErrorReturn,1754566331368044188,NA,NA,1754566331612942263,NA
Interval,ErrorReturn,1754566331612947116,NA,NA,1754566331854905490,NA
Interval,ErrorReturn,1754566331854906659,NA,NA,1754566332094090092,NA
Interval,ErrorReturn,1754566332094093497,NA,NA,1754566332334120553,NA
Interval,ErrorReturn,1754566332334123612,NA,NA,1754566332573201193,NA
Interval,ErrorReturn,1754566332573204105,NA,NA,1754566332812605381,NA
Interval,ErrorReturn,1754566332812607170,NA,NA,1754566333051108008,NA
Interval,ErrorReturn,1754566333051109652,NA,NA,1754566333289982179,NA
Interval,ErrorReturn,1754566333289984300,NA,NA,1754566333533585381,NA
Interval,ErrorReturn,1754566333533591907,NA,NA,1754566333772862292,NA
Interval,ErrorReturn,1754566333772864268,NA,NA,1754566334010212620,NA
Interval,ErrorReturn,1754566334010214182,NA,NA,1754566334250809442,NA
Interval,ErrorReturn,1754566334250810892,NA,NA,1754566334489358709,NA
Interval,ErrorReturn,1754566334489360797,NA,NA,1754566334727967332,NA
Interval,ErrorReturn,1754566334727969394,NA,NA,1754566334966311153,NA
Interval,ErrorReturn,1754566334966312769,NA,NA,1754566335204136485,NA
Interval,ErrorReturn,1754566335204139519,NA,NA,1754566335443683156,NA
Interval,ErrorReturn,1754566335443685932,NA,NA,1754566335683783825,NA
Interval,ErrorReturn,1754566335683788758,NA,NA,1754566335922372181,NA
Interval,ErrorReturn,1754566335922373118,NA,NA,1754566336160686647,NA
Interval,ErrorReturn,1754566336160691217,NA,NA,1754566336399861181,NA
Interval,ErrorReturn,1754566336399869819,NA,NA,1754566336638401462,NA
Interval,ErrorReturn,1754566336638402423,NA,NA,1754566336888002312,NA
Interval,ErrorReturn,1754566336888006712,NA,NA,1754566337137730431,NA
Interval,ErrorReturn,1754566337137732912,NA,NA,1754566337388285003,NA
Interval,ErrorReturn,1754566337388288453,NA,NA,1754566337640273962,NA
Interval,ErrorReturn,1754566337640278389,NA,NA,1754566337889649021,NA
Interval,ErrorReturn,1754566337889650526,NA,NA,1754566338138621996,NA
Interval,ErrorReturn,1754566338138623397,NA,NA,1754566338390899943,NA
Interval,ErrorReturn,1754566338390904905,NA,NA,1754566338629790974,NA
Interval,ErrorReturn,1754566338629793605,NA,NA,1754566338865836594,NA
Interval,ErrorReturn,1754566338865837780,NA,NA,1754566339105821855,NA
Interval,ErrorReturn,1754566339105825461,NA,NA,1754566339343661082,NA
Interval,ErrorReturn,1754566339343663433,NA,NA,1754566339580827681,NA
Interval,ErrorReturn,1754566339580830776,NA,NA,1754566339820696474,NA
Interval,ErrorReturn,1754566339820697874,NA,NA,1754566340058378296,NA
Interval,ErrorReturn,1754566340058379925,NA,NA,1754566340297592951,NA
Interval,ErrorReturn,1754566340297596083,NA,NA,1754566340534429968,NA
Interval,ErrorReturn,1754566340534432356,NA,NA,1754566340772530282,NA
Interval,ErrorReturn,1754566340772531502,NA,NA,1754566341010446586,NA
Interval,ErrorReturn,1754566341010450719,NA,NA,1754566341247977738,NA
Interval,ErrorReturn,1754566341247979563,NA,NA,1754566341486542943,NA
Interval,ErrorReturn,1754566341486547793,NA,NA,1754566341726455502,NA
Interval,ErrorReturn,1754566341726457371,NA,NA,1754566341962828468,NA
Interval,ErrorReturn,1754566341962829434,NA,NA,1754566342200468105,NA
Interval,ErrorReturn,1754566342200468878,NA,NA,1754566342437153297,NA
Interval,ErrorReturn,1754566342437154190,NA,NA,1754566342674132958,NA
Interval,ErrorReturn,1754566342674140101,NA,NA,1754566342912350767,NA
Interval,ErrorReturn,1754566342912352059,NA,NA,1754566343149143059,NA
Interval,ErrorReturn,1754566343149147244,NA,NA,1754566343388054314,NA
Interval,ErrorReturn,1754566343388057321,NA,NA,1754566343635440266,NA
Interval,ErrorReturn,1754566343635444955,NA,NA,1754566343887736982,NA
Interval,ErrorReturn,1754566343887738131,NA,NA,1754566344136818942,NA
Interval,ErrorReturn,1754566344136821843,NA,NA,1754566344384015021,NA
Interval,ErrorReturn,1754566344384016167,NA,NA,1754566344632618415,NA
Interval,ErrorReturn,1754566344632621309,NA,NA,1754566344882709893,NA
Interval,ErrorReturn,1754566344882711909,NA,NA,1754566345134019147,NA
Interval,ErrorReturn,1754566345134020352,NA,NA,1754566345381342442,NA
Interval,ErrorReturn,1754566345381344627,NA,NA,1754566345620807961,NA
Interval,ErrorReturn,1754566345620813729,NA,NA,1754566345862176503,NA
Interval,ErrorReturn,1754566345862179854,NA,NA,1754566346121045607,NA
Interval,ErrorReturn,1754566346121048248,NA,NA,1754566346373477226,NA
Interval,ErrorReturn,1754566346373478592,NA,NA,1754566346626862450,NA
Interval,ErrorReturn,1754566346626864426,NA,NA,1754566346881688802,NA
Interval,ErrorReturn,1754566346881691557,NA,NA,1754566347132686812,NA
Interval,ErrorReturn,1754566347132689194,NA,NA,1754566347383667978,NA
Interval,ErrorReturn,1754566347383670646,NA,NA,1754566347623239090,NA
Interval,ErrorReturn,1754566347623243761,NA,NA,1754566347865717821,NA
Interval,ErrorReturn,1754566347865722432,NA,NA,1754566348113412863,NA
Interval,ErrorReturn,1754566348113415215,NA,NA,1754566348356500321,NA
Interval,ErrorReturn,1754566348356505813,NA,NA,1754566348591767480,NA
Interval,ErrorReturn,1754566348591769901,NA,NA,1754566348830546161,NA
Interval,ErrorReturn,1754566348830561977,NA,NA,1754566349069537173,NA
Interval,ErrorReturn,1754566349069541518,NA,NA,1754566349318805408,NA
Interval,ErrorReturn,1754566349318809989,NA,NA,1754566349568767658,NA
Interval,ErrorReturn,1754566349568772973,NA,NA,1754566349818078620,NA
Interval,ErrorReturn,1754566349818081452,NA,NA,1754566350066927478,NA
Interval,ErrorReturn,1754566350066928586,NA,NA,1754566350316616906,NA
Interval,ErrorReturn,1754566350316618892,NA,NA,1754566350568428475,NA
Interval,ErrorReturn,1754566350568432961,NA,NA,1754566350817856704,NA
Interval,ErrorReturn,1754566350817857747,NA,NA,1754566351070491927,NA
Interval,ErrorReturn,1754566351070495860,NA,NA,1754566351323283918,NA
Interval,ErrorReturn,1754566351323285322,NA,NA,1754566351575120629,NA
Interval,ErrorReturn,1754566351575125272,NA,NA,1754566351826047039,NA
Interval,ErrorReturn,1754566351826049326,NA,NA,1754566352080485473,NA
Interval,ErrorReturn,1754566352080488527,NA,NA,1754566352317912409,NA
Interval,ErrorReturn,1754566352317915155,NA,NA,1754566352555410693,NA
Interval,ErrorReturn,1754566352555413362,NA,NA,1754566352792667099,NA
Interval,ErrorReturn,1754566352792669030,NA,NA,1754566353031575637,NA
Interval,ErrorReturn,1754566353031579586,NA,NA,1754566353270139929,NA
Interval,ErrorReturn,1754566353270140917,NA,NA,1754566353506703000,NA
Interval,ErrorReturn,1754566353506705389,NA,NA,1754566353746882727,NA
Interval,ErrorReturn,1754566353746885008,NA,NA,1754566353989092267,NA
Interval,ErrorReturn,1754566353989093748,NA,NA,1754566354230109558,NA
Interval,ErrorReturn,1754566354230113636,NA,NA,1754566354478339995,NA
Interval,ErrorReturn,1754566354478345507,NA,NA,1754566354728542509,NA
Interval,ErrorReturn,1754566354728546613,NA,NA,1754566354984371355,NA
Interval,ErrorReturn,1754566354984375146,NA,NA,1754566355234743511,NA
Interval,ErrorReturn,1754566355234773854,NA,NA,1754566355484831414,NA
Interval,Exception,1754566355484861303,NA,NA,1754566355732593952,NA
Interval,Exception,1754566355732599684,NA,NA,1754566355981432928,NA
Interval,Exception,1754566355981436196,NA,NA,1754566356228629829,NA
Interval,Exception,1754566356228632461,NA,NA,1754566356474414747,NA
Interval,Exception,1754566356474416585,NA,NA,1754566356722173209,NA
Interval,Exception,1754566356722176380,NA,NA,1754566356973413397,NA
Interval,Exception,1754566356973415565,NA,NA,1754566357222195174,NA
Interval,Exception,1754566357222197799,NA,NA,1754566357470208658,NA
Interval,Exception,1754566357470213581,NA,NA,1754566357719242736,NA
Interval,Exception,1754566357719245705,NA,NA,1754566357966884665,NA
Interval,Exception,1754566357966888038,NA,NA,1754566358214569976,NA
Interval,Exception,1754566358214572677,NA,NA,1754566358458260427,NA
Interval,Exception,1754566358458265303,NA,NA,1754566358695004639,NA
Interval,Exception,1754566358695006653,NA,NA,1754566358932493727,NA
Interval,Exception,1754566358932496898,NA,NA,1754566359168347322,NA
Interval,Exception,1754566359168351191,NA,NA,1754566359411242717,NA
Interval,Exception,1754566359411245405,NA,NA,1754566359657563866,NA
Interval,Exception,1754566359657565321,NA,NA,1754566359905436518,NA
Interval,Exception,1754566359905439587,NA,NA,1754566360154304762,NA
Interval,Exception,1754566360154306965,NA,NA,1754566360403467682,NA
Interval,Exception,1754566360403472717,NA,NA,1754566360651167734,NA
Interval,Exception,1754566360651171468,NA,NA,1754566360904478074,NA
Interval,Exception,1754566360904483498,NA,NA,1754566361149078022,NA
Interval,Exception,1754566361149081045,NA,NA,1754566361388489898,NA
Interval,Exception,1754566361388490819,NA,NA,1754566361638631867,NA
Interval,Exception,1754566361638650172,NA,NA,1754566361888752042,NA
Interval,Exception,1754566361888757550,NA,NA,1754566362137918135,NA
Interval,Exception,1754566362137920532,NA,NA,1754566362386368375,NA
Interval,Exception,1754566362386371664,NA,NA,1754566362635983170,NA
Interval,Exception,1754566362635985697,NA,NA,1754566362884744002,NA
Interval,Exception,1754566362884746814,NA,NA,1754566363130490536,NA
Interval,Exception,1754566363130493194,NA,NA,1754566363366243831,NA
Interval,Exception,1754566363366248392,NA,NA,1754566363602720794,NA
Interval,Exception,1754566363602724101,NA,NA,1754566363839770950,NA
Interval,Exception,1754566363839773019,NA,NA,1754566364076598381,NA
Interval,Exception,1754566364076599896,NA,NA,1754566364312332120,NA
Interval,Exception,1754566364312334871,NA,NA,1754566364551511156,NA
Interval,Exception,1754566364551514522,NA,NA,1754566364788305124,NA
Interval,Exception,1754566364788306923,NA,NA,1754566365031396775,NA
Interval,Exception,1754566365031400084,NA,NA,1754566365280001880,NA
Interval,Exception,1754566365280004308,NA,NA,1754566365527733567,NA
Interval,Exception,1754566365527737703,NA,NA,1754566365776704061,NA
Interval,Exception,1754566365776709597,NA,NA,1754566366027953067,NA
Interval,Exception,1754566366027957954,NA,NA,1754566366280646333,NA
Interval,Exception,1754566366280648967,NA,NA,1754566366531974009,NA
Interval,Exception,1754566366531979829,NA,NA,1754566366781889320,NA
Interval,Exception,1754566366781893315,NA,NA,1754566367031092008,NA
Interval,Exception,1754566367031097555,NA,NA,1754566367282240459,NA
Interval,Exception,1754566367282245000,NA,NA,1754566367526082247,NA
Interval,Exception,1754566367526084123,NA,NA,1754566367763242436,NA
Interval,Exception,1754566367763251833,NA,NA,1754566368000985906,NA
Interval,Exception,1754566368000987864,NA,NA,1754566368236783783,NA
Interval,Exception,1754566368236785562,NA,NA,1754566368477222492,NA
Interval,Exception,1754566368477228317,NA,NA,1754566368714576086,NA
Interval,Exception,1754566368714579761,NA,NA,1754566368951939040,NA
Interval,Exception,1754566368951941886,NA,NA,1754566369197110529,NA
Interval,Exception,1754566369197117636,NA,NA,1754566369437918722,NA
Interval,Exception,1754566369437920785,NA,NA,1754566369677236347,NA
Interval,Exception,1754566369677240746,NA,NA,1754566369915524412,NA
Interval,Exception,1754566369915525896,NA,NA,1754566370157267201,NA
Interval,Exception,1754566370157271039,NA,NA,1754566370394313300,NA
Interval,Exception,1754566370394314376,NA,NA,1754566370630782984,NA
Interval,Exception,1754566370630787259,NA,NA,1754566370868944729,NA
Interval,Exception,1754566370868946490,NA,NA,1754566371105918772,NA
Interval,Exception,1754566371105921158,NA,NA,1754566371341047974,NA
Interval,Exception,1754566371341049804,NA,NA,1754566371578454578,NA
Interval,Exception,1754566371578455585,NA,NA,1754566371818096133,NA
Interval,Exception,1754566371818098209,NA,NA,1754566372056516343,NA
Interval,Exception,1754566372056517109,NA,NA,1754566372295827701,NA
Interval,Exception,1754566372295828682,NA,NA,1754566372534593190,NA
Interval,Exception,1754566372534595185,NA,NA,1754566372772545256,NA
Interval,Exception,1754566372772547219,NA,NA,1754566373012751065,NA
Interval,Exception,1754566373012752852,NA,NA,1754566373261019252,NA
Interval,Exception,1754566373261023263,NA,NA,1754566373500970874,NA
Interval,Exception,1754566373500972263,NA,NA,1754566373739125545,NA
Interval,Exception,1754566373739125898,NA,NA,1754566373977567055,NA
Interval,Exception,1754566373977577177,NA,NA,1754566374217065372,NA
Interval,Exception,1754566374217066138,NA,NA,1754566374456040713,NA
Interval,Exception,1754566374456041585,NA,NA,1754566374695646891,NA
Interval,Exception,1754566374695648249,NA,NA,1754566374938196599,NA
Interval,Exception,1754566374938199931,NA,NA,1754566375177617522,NA
Interval,Exception,1754566375177621992,NA,NA,1754566375416442916,NA
Interval,Exception,1754566375416444947,NA,NA,1754566375652698532,NA
Interval,Exception,1754566375652698799,NA,NA,1754566375894944672,NA
Interval,Exception,1754566375894950661,NA,NA,1754566376138349444,NA
Interval,Exception,1754566376138354001,NA,NA,1754566376379268894,NA
Interval,Exception,1754566376379269306,NA,NA,1754566376622167758,NA
Interval,Exception,1754566376622170355,NA,NA,1754566376867927653,NA
Interval,Exception,1754566376867929370,NA,NA,1754566377110263056,NA
Interval,Exception,1754566377110265417,NA,NA,1754566377351335495,NA
Interval,Exception,1754566377351336320,NA,NA,1754566377591264310,NA
Interval,Exception,1754566377591266394,NA,NA,1754566377834153095,NA
Interval,Exception,1754566377834154061,NA,NA,1754566378075314312,NA
Interval,Exception,1754566378075314745,NA,NA,1754566378316371554,NA
Interval,Exception,1754566378316372857,NA,NA,1754566378558246165,NA
Interval,Exception,1754566378558246714,NA,NA,1754566378800115626,NA
Interval,Exception,1754566378800116709,NA,NA,1754566379041142457,NA
Interval,Exception,1754566379041144659,NA,NA,1754566379284921116,NA
Interval,Exception,1754566379284922639,NA,NA,1754566379528276856,NA
Interval,Exception,1754566379528280266,NA,NA,1754566379770708627,NA
Union,ErrorReturn,1754566379770732463,NA,NA,1754566380013544141,NA
Union,ErrorReturn,1754566380013550675,NA,NA,1754566380255688221,NA
Union,ErrorReturn,1754566380255689895,NA,NA,1754566380495308321,NA
Union,ErrorReturn,1754566380495309469,NA,NA,1754566380736085654,NA
Union,ErrorReturn,1754566380736088717,NA,NA,1754566380976848165,NA
Union,ErrorReturn,1754566380976851855,NA,NA,1754566381218058290,NA
Union,ErrorReturn,1754566381218060786,NA,NA,1754566381459500957,NA
Union,ErrorReturn,1754566381459501992,NA,NA,1754566381699779453,NA
Union,ErrorReturn,1754566381699781057,NA,NA,1754566381941111443,NA
Union,ErrorReturn,1754566381941112844,NA,NA,1754566382182830610,NA
Union,ErrorReturn,1754566382182831718,NA,NA,1754566382423608882,NA
Union,ErrorReturn,1754566382423609632,NA,NA,1754566382664185015,NA
Union,ErrorReturn,1754566382664185523,NA,NA,1754566382903499250,NA
Union,ErrorReturn,1754566382903500329,NA,NA,1754566383144155336,NA
Union,ErrorReturn,1754566383144157350,NA,NA,1754566383384914224,NA
Union,ErrorReturn,1754566383384916099,NA,NA,1754566383625876830,NA
Union,ErrorReturn,1754566383625878477,NA,NA,1754566383865136954,NA
Union,ErrorReturn,1754566383865138819,NA,NA,1754566384112321177,NA
Union,ErrorReturn,1754566384112324996,NA,NA,1754566384363782099,NA
Union,ErrorReturn,1754566384363784700,NA,NA,1754566384616094817,NA
Union,ErrorReturn,1754566384616097436,NA,NA,1754566384868739987,NA
Union,ErrorReturn,1754566384868743225,NA,NA,1754566385122283840,NA
Union,ErrorReturn,1754566385122286080,NA,NA,1754566385373456925,NA
Union,ErrorReturn,1754566385373459665,NA,NA,1754566385625557212,NA
Union,ErrorReturn,1754566385625559737,NA,NA,1754566385886016784,NA
Union,ErrorReturn,1754566385886020302,NA,NA,1754566386140540106,NA
Union,ErrorReturn,1754566386140545078,NA,NA,1754566386391659263,NA
Union,ErrorReturn,1754566386391666264,NA,NA,1754566386642771608,NA
Union,ErrorReturn,1754566386642775719,NA,NA,1754566386894324431,NA
Union,ErrorReturn,1754566386894325637,NA,NA,1754566387144652325,NA
Union,ErrorReturn,1754566387144653835,NA,NA,1754566387397144685,NA
Union,ErrorReturn,1754566387397147022,NA,NA,1754566387648093521,NA
Union,ErrorReturn,1754566387648096210,NA,NA,1754566387898643751,NA
Union,ErrorReturn,1754566387898646410,NA,NA,1754566388149704163,NA
Union,ErrorReturn,1754566388149708684,NA,NA,1754566388403143029,NA
Union,ErrorReturn,1754566388403146177,NA,NA,1754566388653479771,NA
Union,ErrorReturn,1754566388653481579,NA,NA,1754566388903505605,NA
Union,ErrorReturn,1754566388903507666,NA,NA,1754566389154053129,NA
Union,ErrorReturn,1754566389154054967,NA,NA,1754566389392166316,NA
Union,ErrorReturn,1754566389392168034,NA,NA,1754566389633226823,NA
Union,ErrorReturn,1754566389633229604,NA,NA,1754566389872776588,NA
Union,ErrorReturn,1754566389872778073,NA,NA,1754566390111468470,NA
Union,ErrorReturn,1754566390111470369,NA,NA,1754566390349624732,NA
Union,ErrorReturn,1754566390349628150,NA,NA,1754566390588952949,NA
Union,ErrorReturn,1754566390588954567,NA,NA,1754566390835519668,NA
Union,ErrorReturn,1754566390835521932,NA,NA,1754566391075191984,NA
Union,ErrorReturn,1754566391075193933,NA,NA,1754566391324078557,NA
Union,ErrorReturn,1754566391324081410,NA,NA,1754566391567443020,NA
Union,ErrorReturn,1754566391567445995,NA,NA,1754566391810915506,NA
Union,ErrorReturn,1754566391810918264,NA,NA,1754566392053566373,NA
Union,ErrorReturn,1754566392053567441,NA,NA,1754566392294017785,NA
Union,ErrorReturn,1754566392294020908,NA,NA,1754566392533619024,NA
Union,ErrorReturn,1754566392533619917,NA,NA,1754566392774353883,NA
Union,ErrorReturn,1754566392774363027,NA,NA,1754566393015284529,NA
Union,ErrorReturn,1754566393015286265,NA,NA,1754566393256485447,NA
Union,ErrorReturn,1754566393256489516,NA,NA,1754566393497076653,NA
Union,ErrorReturn,1754566393497078832,NA,NA,1754566393737008389,NA
Union,ErrorReturn,1754566393737010269,NA,NA,1754566393976713360,NA
Union,ErrorReturn,1754566393976714383,NA,NA,1754566394217599777,NA
Union,ErrorReturn,1754566394217601362,NA,NA,1754566394456839965,NA
Union,ErrorReturn,1754566394456842780,NA,NA,1754566394697067861,NA
Union,ErrorReturn,1754566394697069297,NA,NA,1754566394936926353,NA
Union,ErrorReturn,1754566394936928008,NA,NA,1754566395176327484,NA
Union,ErrorReturn,1754566395176329129,NA,NA,1754566395416140750,NA
Union,ErrorReturn,1754566395416141602,NA,NA,1754566395658239779,NA
Union,ErrorReturn,1754566395658242581,NA,NA,1754566395898003309,NA
Union,ErrorReturn,1754566395898007081,NA,NA,1754566396139341770,NA
Union,ErrorReturn,1754566396139344605,NA,NA,1754566396380536379,NA
Union,ErrorReturn,1754566396380538045,NA,NA,1754566396620810977,NA
Union,ErrorReturn,1754566396620811454,NA,NA,1754566396862139397,NA
Union,ErrorReturn,1754566396862139995,NA,NA,1754566397104377958,NA
Union,ErrorReturn,1754566397104380605,NA,NA,1754566397344932528,NA
Union,ErrorReturn,1754566397344937110,NA,NA,1754566397581867836,NA
Union,ErrorReturn,1754566397581869348,NA,NA,1754566397822841061,NA
Union,ErrorReturn,1754566397822842277,NA,NA,1754566398062465584,NA
Union,ErrorReturn,1754566398062466862,NA,NA,1754566398301988974,NA
Union,ErrorReturn,1754566398301991538,NA,NA,1754566398542716049,NA
Union,ErrorReturn,1754566398542720780,NA,NA,1754566398782659134,NA
Union,ErrorReturn,1754566398782671062,NA,NA,1754566399023731681,NA
Union,ErrorReturn,1754566399023733359,NA,NA,1754566399264539653,NA
Union,ErrorReturn,1754566399264540805,NA,NA,1754566399503929200,NA
Union,ErrorReturn,1754566399503931700,NA,NA,1754566399742732484,NA
Union,ErrorReturn,1754566399742733593,NA,NA,1754566399982371369,NA
Union,ErrorReturn,1754566399982372208,NA,NA,1754566400222998593,NA
Union,ErrorReturn,1754566400223000062,NA,NA,1754566400463340272,NA
Union,ErrorReturn,1754566400463341249,NA,NA,1754566400703253382,NA
Union,ErrorReturn,1754566400703254319,NA,NA,1754566400941270717,NA
Union,ErrorReturn,1754566400941271586,NA,NA,1754566401180338766,NA
Union,ErrorReturn,1754566401180340972,NA,NA,1754566401420997933,NA
Union,ErrorReturn,1754566401420999639,NA,NA,1754566401660033702,NA
Union,ErrorReturn,1754566401660034407,NA,NA,1754566401903416578,NA
Union,ErrorReturn,1754566401903420579,NA,NA,1754566402154675220,NA
Union,ErrorReturn,1754566402154676942,NA,NA,1754566402405683426,NA
Union,ErrorReturn,1754566402405687046,NA,NA,1754566402656260782,NA
Union,ErrorReturn,1754566402656262305,NA,NA,1754566402905375082,NA
Union,ErrorReturn,1754566402905376055,NA,NA,1754566403153524485,NA
Union,ErrorReturn,1754566403153525945,NA,NA,1754566403390558859,NA
Union,ErrorReturn,1754566403390561070,NA,NA,1754566403631009080,NA
Union,ErrorReturn,1754566403631013161,NA,NA,1754566403870686475,NA
Union,ErrorReturn,1754566403870688253,NA,NA,1754566404109298056,NA
Union,Exception,1754566404109312332,NA,NA,1754566404352474847,NA
Union,Exception,1754566404352481450,NA,NA,1754566404594886228,NA
Union,Exception,1754566404594892264,NA,NA,1754566404837744498,NA
Union,Exception,1754566404837746550,NA,NA,1754566405077987006,NA
Union,Exception,1754566405078002653,NA,NA,1754566405317756210,NA
Union,Exception,1754566405317759120,NA,NA,1754566405559092799,NA
Union,Exception,1754566405559098786,NA,NA,1754566405807301035,NA
Union,Exception,1754566405807304023,NA,NA,1754566406050265310,NA
Union,Exception,1754566406050270154,NA,NA,1754566406299300860,NA
Union,Exception,1754566406299304014,NA,NA,1754566406543734291,NA
Union,Exception,1754566406543735051,NA,NA,1754566406792955536,NA
Union,Exception,1754566406792959950,NA,NA,1754566407035650898,NA
Union,Exception,1754566407035652934,NA,NA,1754566407278279604,NA
Union,Exception,1754566407278282437,NA,NA,1754566407521657134,NA
Union,Exception,1754566407521662718,NA,NA,1754566407763153160,NA
Union,Exception,1754566407763155567,NA,NA,1754566408005720604,NA
Union,Exception,1754566408005725018,NA,NA,1754566408248438275,NA
Union,Exception,1754566408248440023,NA,NA,1754566408491399180,NA
Union,Exception,1754566408491406235,NA,NA,1754566408738018255,NA
Union,Exception,1754566408738021059,NA,NA,1754566408980982637,NA
Union,Exception,1754566408980985140,NA,NA,1754566409222267648,NA
Union,Exception,1754566409222272043,NA,NA,1754566409465518787,NA
Union,Exception,1754566409465520925,NA,NA,1754566409706999789,NA
Union,Exception,1754566409707004176,NA,NA,1754566409947937863,NA
Union,Exception,1754566409947940441,NA,NA,1754566410191852637,NA
Union,Exception,1754566410191857759,NA,NA,1754566410433576564,NA
Union,Exception,1754566410433581781,NA,NA,1754566410675834308,NA
Union,Exception,1754566410675837538,NA,NA,1754566410918175215,NA
Union,Exception,1754566410918180470,NA,NA,1754566411163686525,NA
Union,Exception,1754566411163694381,NA,NA,1754566411408581734,NA
Union,Exception,1754566411408584046,NA,NA,1754566411651649988,NA
Union,Exception,1754566411651654006,NA,NA,1754566411895452167,NA
Union,Exception,1754566411895456086,NA,NA,1754566412137737737,NA
Union,Exception,1754566412137743207,NA,NA,1754566412378394164,NA
Union,Exception,1754566412378396001,NA,NA,1754566412620105449,NA
Union,Exception,1754566412620106367,NA,NA,1754566412861561436,NA
Union,Exception,1754566412861564012,NA,NA,1754566413111900883,NA
Union,Exception,1754566413111903826,NA,NA,1754566413369563209,NA
Union,Exception,1754566413369566838,NA,NA,1754566413624924819,NA
Union,Exception,1754566413624929452,NA,NA,1754566413865782575,NA
Union,Exception,1754566413865783933,NA,NA,1754566414107706811,NA
Union,Exception,1754566414107708391,NA,NA,1754566414350534805,NA
Union,Exception,1754566414350536560,NA,NA,1754566414592391830,NA
Union,Exception,1754566414592396123,NA,NA,1754566414836810275,NA
Union,Exception,1754566414836811905,NA,NA,1754566415078772258,NA
Union,Exception,1754566415078772977,NA,NA,1754566415320530688,NA
Union,Exception,1754566415320532809,NA,NA,1754566415561551648,NA
Union,Exception,1754566415561557225,NA,NA,1754566415803026172,NA
Union,Exception,1754566415803027947,NA,NA,1754566416043812932,NA
Union,Exception,1754566416043814284,NA,NA,1754566416285112757,NA
Union,Exception,1754566416285115743,NA,NA,1754566416526279866,NA
Union,Exception,1754566416526284319,NA,NA,1754566416767250917,NA
Union,Exception,1754566416767252308,NA,NA,1754566417011667716,NA
Union,Exception,1754566417011670707,NA,NA,1754566417268108132,NA
Union,Exception,1754566417268112879,NA,NA,1754566417522373184,NA
Union,Exception,1754566417522383539,NA,NA,1754566417775372607,NA
Union,Exception,1754566417775376373,NA,NA,1754566418030989405,NA
Union,Exception,1754566418030991058,NA,NA,1754566418285607896,NA
Union,Exception,1754566418285610156,NA,NA,1754566418540384707,NA
Union,Exception,1754566418540387746,NA,NA,1754566418796704533,NA
Union,Exception,1754566418796708057,NA,NA,1754566419050864598,NA
Union,Exception,1754566419050867169,NA,NA,1754566419305679976,NA
Union,Exception,1754566419305682040,NA,NA,1754566419561228058,NA
Union,Exception,1754566419561230010,NA,NA,1754566419814682973,NA
Union,Exception,1754566419814688022,NA,NA,1754566420067700281,NA
Union,Exception,1754566420067701892,NA,NA,1754566420319268764,NA
Union,Exception,1754566420319270922,NA,NA,1754566420573818812,NA
Union,Exception,1754566420573822977,NA,NA,1754566420835938478,NA
Union,Exception,1754566420835945148,NA,NA,1754566421076091840,NA
Union,Exception,1754566421076092847,NA,NA,1754566421332359605,NA
Union,Exception,1754566421332362879,NA,NA,1754566421591939674,NA
Union,Exception,1754566421591940668,NA,NA,1754566421848373625,NA
Union,Exception,1754566421848377965,NA,NA,1754566422103700828,NA
Union,Exception,1754566422103702422,NA,NA,1754566422357600402,NA
Union,Exception,1754566422357608176,NA,NA,1754566422613563594,NA
Union,Exception,1754566422613567174,NA,NA,1754566422868578500,NA
Union,Exception,1754566422868580614,NA,NA,1754566423122529268,NA
Union,Exception,1754566423122531805,NA,NA,1754566423374469577,NA
Union,Exception,1754566423374473271,NA,NA,1754566423630692522,NA
Union,Exception,1754566423630695796,NA,NA,1754566423886307742,NA
Union,Exception,1754566423886309806,NA,NA,1754566424138980242,NA
Union,Exception,1754566424138992986,NA,NA,1754566424391482367,NA
Union,Exception,1754566424391488462,NA,NA,1754566424646675251,NA
Union,Exception,1754566424646678581,NA,NA,1754566424904543791,NA
Union,Exception,1754566424904549513,NA,NA,1754566425157992137,NA
Union,Exception,1754566425157993705,NA,NA,1754566425412261993,NA
Union,Exception,1754566425412265427,NA,NA,1754566425666360007,NA
Union,Exception,1754566425666361945,NA,NA,1754566425918481202,NA
Union,Exception,1754566425918483136,NA,NA,1754566426172267164,NA
Union,Exception,1754566426172269966,NA,NA,1754566426424899319,NA
Union,Exception,1754566426424902615,NA,NA,1754566426677745438,NA
Union,Exception,1754566426677748266,NA,NA,1754566426930806221,NA
Union,Exception,1754566426930807740,NA,NA,1754566427183755836,NA
Union,Exception,1754566427183758336,NA,NA,1754566427437311727,NA
Union,Exception,1754566427437314153,NA,NA,1754566427691509215,NA
Union,Exception,1754566427691510723,NA,NA,1754566427945687817,NA
Union,Exception,1754566427945690339,NA,NA,1754566428198928357,NA
Union,Exception,1754566428198929179,NA,NA,1754566428452174651,NA
Union,Exception,1754566428452176483,NA,NA,1754566428705426433,NA
Union,Exception,1754566428705428762,NA,NA,1754566428956637507,NA
